         x            rho             ux             p
-4.99500E-01    8.00000E+00    0.00000E+00    4.80000E+02
-4.98500E-01    8.00000E+00    0.00000E+00    4.80000E+02
-4.97500E-01    8.00000E+00    0.00000E+00    4.80000E+02
-4.96500E-01    8.00000E+00    0.00000E+00    4.80000E+02
-4.95500E-01    8.00000E+00    0.00000E+00    4.80000E+02
-4.94500E-01    8.00000E+00    0.00000E+00    4.80000E+02
-4.93500E-01    8.00000E+00    0.00000E+00    4.80000E+02
-4.92500E-01    8.00000E+00    0.00000E+00    4.80000E+02
-4.91500E-01    8.00000E+00    0.00000E+00    4.80000E+02
-4.90500E-01    8.00000E+00    0.00000E+00    4.80000E+02
-4.89500E-01    8.00000E+00    0.00000E+00    4.80000E+02
-4.88500E-01    8.00000E+00    0.00000E+00    4.80000E+02
-4.87500E-01    8.00000E+00    0.00000E+00    4.80000E+02
-4.86500E-01    8.00000E+00    0.00000E+00    4.80000E+02
-4.85500E-01    8.00000E+00    0.00000E+00    4.80000E+02
-4.84500E-01    8.00000E+00    0.00000E+00    4.80000E+02
-4.83500E-01    8.00000E+00    0.00000E+00    4.80000E+02
-4.82500E-01    8.00000E+00    0.00000E+00    4.80000E+02
-4.81500E-01    8.00000E+00    0.00000E+00    4.80000E+02
-4.80500E-01    8.00000E+00    0.00000E+00    4.80000E+02
-4.79500E-01    8.00000E+00    0.00000E+00    4.80000E+02
-4.78500E-01    8.00000E+00    0.00000E+00    4.80000E+02
-4.77500E-01    8.00000E+00    0.00000E+00    4.80000E+02
-4.76500E-01    8.00000E+00    0.00000E+00    4.80000E+02
-4.75500E-01    8.00000E+00    0.00000E+00    4.80000E+02
-4.74500E-01    8.00000E+00    0.00000E+00    4.80000E+02
-4.73500E-01    8.00000E+00    0.00000E+00    4.80000E+02
-4.72500E-01    8.00000E+00    0.00000E+00    4.80000E+02
-4.71500E-01    8.00000E+00    0.00000E+00    4.80000E+02
-4.70500E-01    8.00000E+00    0.00000E+00    4.80000E+02
-4.69500E-01    8.00000E+00    0.00000E+00    4.80000E+02
-4.68500E-01    8.00000E+00    0.00000E+00    4.80000E+02
-4.67500E-01    8.00000E+00    0.00000E+00    4.80000E+02
-4.66500E-01    8.00000E+00    0.00000E+00    4.80000E+02
-4.65500E-01    8.00000E+00    0.00000E+00    4.80000E+02
-4.64500E-01    8.00000E+00    0.00000E+00    4.80000E+02
-4.63500E-01    8.00000E+00    0.00000E+00    4.80000E+02
-4.62500E-01    8.00000E+00    0.00000E+00    4.80000E+02
-4.61500E-01    8.00000E+00    0.00000E+00    4.80000E+02
-4.60500E-01    8.00000E+00    0.00000E+00    4.80000E+02
-4.59500E-01    8.00000E+00    0.00000E+00    4.80000E+02
-4.58500E-01    8.00000E+00    0.00000E+00    4.80000E+02
-4.57500E-01    8.00000E+00    0.00000E+00    4.80000E+02
-4.56500E-01    8.00000E+00    0.00000E+00    4.80000E+02
-4.55500E-01    8.00000E+00    0.00000E+00    4.80000E+02
-4.54500E-01    8.00000E+00    0.00000E+00    4.80000E+02
-4.53500E-01    8.00000E+00    0.00000E+00    4.80000E+02
-4.52500E-01    8.00000E+00    0.00000E+00    4.80000E+02
-4.51500E-01    8.00000E+00    0.00000E+00    4.80000E+02
-4.50500E-01    8.00000E+00    0.00000E+00    4.80000E+02
-4.49500E-01    8.00000E+00    0.00000E+00    4.80000E+02
-4.48500E-01    8.00000E+00    0.00000E+00    4.80000E+02
-4.47500E-01    8.00000E+00    0.00000E+00    4.80000E+02
-4.46500E-01    8.00000E+00    0.00000E+00    4.80000E+02
-4.45500E-01    8.00000E+00    0.00000E+00    4.80000E+02
-4.44500E-01    8.00000E+00    0.00000E+00    4.80000E+02
-4.43500E-01    8.00000E+00    0.00000E+00    4.80000E+02
-4.42500E-01    8.00000E+00    0.00000E+00    4.80000E+02
-4.41500E-01    8.00000E+00    0.00000E+00    4.80000E+02
-4.40500E-01    8.00000E+00    0.00000E+00    4.80000E+02
-4.39500E-01    8.00000E+00    0.00000E+00    4.80000E+02
-4.38500E-01    8.00000E+00    0.00000E+00    4.80000E+02
-4.37500E-01    8.00000E+00    0.00000E+00    4.80000E+02
-4.36500E-01    8.00000E+00    0.00000E+00    4.80000E+02
-4.35500E-01    8.00000E+00    0.00000E+00    4.80000E+02
-4.34500E-01    8.00000E+00    0.00000E+00    4.80000E+02
-4.33500E-01    8.00000E+00    0.00000E+00    4.80000E+02
-4.32500E-01    8.00000E+00    0.00000E+00    4.80000E+02
-4.31500E-01    8.00000E+00    0.00000E+00    4.80000E+02
-4.30500E-01    8.00000E+00    0.00000E+00    4.80000E+02
-4.29500E-01    8.00000E+00    0.00000E+00    4.80000E+02
-4.28500E-01    8.00000E+00    0.00000E+00    4.80000E+02
-4.27500E-01    8.00000E+00    0.00000E+00    4.80000E+02
-4.26500E-01    8.00000E+00    0.00000E+00    4.80000E+02
-4.25500E-01    8.00000E+00    0.00000E+00    4.80000E+02
-4.24500E-01    8.00000E+00    0.00000E+00    4.80000E+02
-4.23500E-01    8.00000E+00    0.00000E+00    4.80000E+02
-4.22500E-01    8.00000E+00    0.00000E+00    4.80000E+02
-4.21500E-01    8.00000E+00    0.00000E+00    4.80000E+02
-4.20500E-01    8.00000E+00    0.00000E+00    4.80000E+02
-4.19500E-01    8.00000E+00    0.00000E+00    4.80000E+02
-4.18500E-01    8.00000E+00    0.00000E+00    4.80000E+02
-4.17500E-01    8.00000E+00    0.00000E+00    4.80000E+02
-4.16500E-01    8.00000E+00    0.00000E+00    4.80000E+02
-4.15500E-01    8.00000E+00    0.00000E+00    4.80000E+02
-4.14500E-01    8.00000E+00    0.00000E+00    4.80000E+02
-4.13500E-01    8.00000E+00    0.00000E+00    4.80000E+02
-4.12500E-01    8.00000E+00    0.00000E+00    4.80000E+02
-4.11500E-01    8.00000E+00    0.00000E+00    4.80000E+02
-4.10500E-01    8.00000E+00    0.00000E+00    4.80000E+02
-4.09500E-01    8.00000E+00    0.00000E+00    4.80000E+02
-4.08500E-01    8.00000E+00    0.00000E+00    4.80000E+02
-4.07500E-01    8.00000E+00    0.00000E+00    4.80000E+02
-4.06500E-01    8.00000E+00    0.00000E+00    4.80000E+02
-4.05500E-01    8.00000E+00    0.00000E+00    4.80000E+02
-4.04500E-01    8.00000E+00    0.00000E+00    4.80000E+02
-4.03500E-01    8.00000E+00    0.00000E+00    4.80000E+02
-4.02500E-01    8.00000E+00    0.00000E+00    4.80000E+02
-4.01500E-01    8.00000E+00    0.00000E+00    4.80000E+02
-4.00500E-01    8.00000E+00    0.00000E+00    4.80000E+02
-3.99500E-01    7.99250E+00    9.37500E-03    4.79250E+02
-3.98500E-01    7.97752E+00    2.81250E-02    4.77754E+02
-3.97500E-01    7.96256E+00    4.68750E-02    4.76262E+02
-3.96500E-01    7.94761E+00    6.56250E-02    4.74773E+02
-3.95500E-01    7.93269E+00    8.43750E-02    4.73288E+02
-3.94500E-01    7.91778E+00    1.03125E-01    4.71807E+02
-3.93500E-01    7.90290E+00    1.21875E-01    4.70329E+02
-3.92500E-01    7.88803E+00    1.40625E-01    4.68855E+02
-3.91500E-01    7.87318E+00    1.59375E-01    4.67385E+02
-3.90500E-01    7.85834E+00    1.78125E-01    4.65918E+02
-3.89500E-01    7.84353E+00    1.96875E-01    4.64455E+02
-3.88500E-01    7.82874E+00    2.15625E-01    4.62996E+02
-3.87500E-01    7.81396E+00    2.34375E-01    4.61541E+02
-3.86500E-01    7.79920E+00    2.53125E-01    4.60089E+02
-3.85500E-01    7.78447E+00    2.71875E-01    4.58641E+02
-3.84500E-01    7.76975E+00    2.90625E-01    4.57196E+02
-3.83500E-01    7.75504E+00    3.09375E-01    4.55755E+02
-3.82500E-01    7.74036E+00    3.28125E-01    4.54318E+02
-3.81500E-01    7.72570E+00    3.46875E-01    4.52884E+02
-3.80500E-01    7.71105E+00    3.65625E-01    4.51454E+02
-3.79500E-01    7.69642E+00    3.84375E-01    4.50028E+02
-3.78500E-01    7.68181E+00    4.03125E-01    4.48605E+02
-3.77500E-01    7.66722E+00    4.21875E-01    4.47186E+02
-3.76500E-01    7.65265E+00    4.40625E-01    4.45770E+02
-3.75500E-01    7.63810E+00    4.59375E-01    4.44358E+02
-3.74500E-01    7.62356E+00    4.78125E-01    4.42950E+02
-3.73500E-01    7.60905E+00    4.96875E-01    4.41545E+02
-3.72500E-01    7.59455E+00    5.15625E-01    4.40144E+02
-3.71500E-01    7.58007E+00    5.34375E-01    4.38746E+02
-3.70500E-01    7.56561E+00    5.53125E-01    4.37352E+02
-3.69500E-01    7.55117E+00    5.71875E-01    4.35961E+02
-3.68500E-01    7.53674E+00    5.90625E-01    4.34574E+02
-3.67500E-01    7.52234E+00    6.09375E-01    4.33191E+02
-3.66500E-01    7.50795E+00    6.28125E-01    4.31811E+02
-3.65500E-01    7.49358E+00    6.46875E-01    4.30434E+02
-3.64500E-01    7.47923E+00    6.65625E-01    4.29061E+02
-3.63500E-01    7.46489E+00    6.84375E-01    4.27692E+02
-3.62500E-01    7.45058E+00    7.03125E-01    4.26326E+02
-3.61500E-01    7.43628E+00    7.21875E-01    4.24963E+02
-3.60500E-01    7.42201E+00    7.40625E-01    4.23604E+02
-3.59500E-01    7.40775E+00    7.59375E-01    4.22249E+02
-3.58500E-01    7.39351E+00    7.78125E-01    4.20897E+02
-3.57500E-01    7.37928E+00    7.96875E-01    4.19548E+02
-3.56500E-01    7.36508E+00    8.15625E-01    4.18203E+02
-3.55500E-01    7.35089E+00    8.34375E-01    4.16861E+02
-3.54500E-01    7.33672E+00    8.53125E-01    4.15523E+02
-3.53500E-01    7.32257E+00    8.71875E-01    4.14188E+02
-3.52500E-01    7.30844E+00    8.90625E-01    4.12857E+02
-3.51500E-01    7.29433E+00    9.09375E-01    4.11529E+02
-3.50500E-01    7.28023E+00    9.28125E-01    4.10204E+02
-3.49500E-01    7.26616E+00    9.46875E-01    4.08883E+02
-3.48500E-01    7.25210E+00    9.65625E-01    4.07565E+02
-3.47500E-01    7.23806E+00    9.84375E-01    4.06251E+02
-3.46500E-01    7.22403E+00    1.00312E+00    4.04940E+02
-3.45500E-01    7.21003E+00    1.02187E+00    4.03633E+02
-3.44500E-01    7.19604E+00    1.04062E+00    4.02329E+02
-3.43500E-01    7.18208E+00    1.05937E+00    4.01028E+02
-3.42500E-01    7.16812E+00    1.07812E+00    3.99730E+02
-3.41500E-01    7.15419E+00    1.09688E+00    3.98436E+02
-3.40500E-01    7.14028E+00    1.11562E+00    3.97146E+02
-3.39500E-01    7.12638E+00    1.13437E+00    3.95858E+02
-3.38500E-01    7.11250E+00    1.15312E+00    3.94574E+02
-3.37500E-01    7.09864E+00    1.17187E+00    3.93294E+02
-3.36500E-01    7.08480E+00    1.19063E+00    3.92016E+02
-3.35500E-01    7.07098E+00    1.20937E+00    3.90742E+02
-3.34500E-01    7.05717E+00    1.22812E+00    3.89472E+02
-3.33500E-01    7.04338E+00    1.24687E+00    3.88204E+02
-3.32500E-01    7.02961E+00    1.26562E+00    3.86940E+02
-3.31500E-01    7.01586E+00    1.28438E+00    3.85679E+02
-3.30500E-01    7.00213E+00    1.30312E+00    3.84422E+02
-3.29500E-01    6.98841E+00    1.32187E+00    3.83168E+02
-3.28500E-01    6.97471E+00    1.34062E+00    3.81917E+02
-3.27500E-01    6.96103E+00    1.35937E+00    3.80669E+02
-3.26500E-01    6.94737E+00    1.37813E+00    3.79424E+02
-3.25500E-01    6.93373E+00    1.39688E+00    3.78183E+02
-3.24500E-01    6.92010E+00    1.41562E+00    3.76945E+02
-3.23500E-01    6.90649E+00    1.43437E+00    3.75711E+02
-3.22500E-01    6.89290E+00    1.45312E+00    3.74479E+02
-3.21500E-01    6.87933E+00    1.47188E+00    3.73251E+02
-3.20500E-01    6.86577E+00    1.49063E+00    3.72026E+02
-3.19500E-01    6.85223E+00    1.50937E+00    3.70804E+02
-3.18500E-01    6.83871E+00    1.52812E+00    3.69586E+02
-3.17500E-01    6.82521E+00    1.54687E+00    3.68370E+02
-3.16500E-01    6.81173E+00    1.56563E+00    3.67158E+02
-3.15500E-01    6.79826E+00    1.58437E+00    3.65949E+02
-3.14500E-01    6.78481E+00    1.60312E+00    3.64744E+02
-3.13500E-01    6.77138E+00    1.62188E+00    3.63541E+02
-3.12500E-01    6.75797E+00    1.64062E+00    3.62342E+02
-3.11500E-01    6.74457E+00    1.65938E+00    3.61145E+02
-3.10500E-01    6.73120E+00    1.67812E+00    3.59952E+02
-3.09500E-01    6.71784E+00    1.69687E+00    3.58762E+02
-3.08500E-01    6.70449E+00    1.71563E+00    3.57576E+02
-3.07500E-01    6.69117E+00    1.73437E+00    3.56392E+02
-3.06500E-01    6.67786E+00    1.75313E+00    3.55211E+02
-3.05500E-01    6.66457E+00    1.77188E+00    3.54034E+02
-3.04500E-01    6.65130E+00    1.79062E+00    3.52860E+02
-3.03500E-01    6.63805E+00    1.80938E+00    3.51689E+02
-3.02500E-01    6.62481E+00    1.82812E+00    3.50521E+02
-3.01500E-01    6.61159E+00    1.84688E+00    3.49356E+02
-3.00500E-01    6.59839E+00    1.86563E+00    3.48194E+02
-2.99500E-01    6.58521E+00    1.88437E+00    3.47035E+02
-2.98500E-01    6.57204E+00    1.90313E+00    3.45880E+02
-2.97500E-01    6.55889E+00    1.92188E+00    3.44727E+02
-2.96500E-01    6.54576E+00    1.94063E+00    3.43578E+02
-2.95500E-01    6.53265E+00    1.95938E+00    3.42431E+02
-2.94500E-01    6.51955E+00    1.97812E+00    3.41288E+02
-2.93500E-01    6.50647E+00    1.99688E+00    3.40148E+02
-2.92500E-01    6.49341E+00    2.01563E+00    3.39010E+02
-2.91500E-01    6.48037E+00    2.03437E+00    3.37876E+02
-2.90500E-01    6.46734E+00    2.05313E+00    3.36745E+02
-2.89500E-01    6.45434E+00    2.07188E+00    3.35617E+02
-2.88500E-01    6.44134E+00    2.09063E+00    3.34492E+02
-2.87500E-01    6.42837E+00    2.10938E+00    3.33370E+02
-2.86500E-01    6.41542E+00    2.12812E+00    3.32251E+02
-2.85500E-01    6.40248E+00    2.14688E+00    3.31135E+02
-2.84500E-01    6.38956E+00    2.16563E+00    3.30022E+02
-2.83500E-01    6.37665E+00    2.18438E+00    3.28912E+02
-2.82500E-01    6.36377E+00    2.20313E+00    3.27804E+02
-2.81500E-01    6.35090E+00    2.22188E+00    3.26700E+02
-2.80500E-01    6.33804E+00    2.24063E+00    3.25599E+02
-2.79500E-01    6.32521E+00    2.25938E+00    3.24501E+02
-2.78500E-01    6.31239E+00    2.27813E+00    3.23406E+02
-2.77500E-01    6.29959E+00    2.29688E+00    3.22314E+02
-2.76500E-01    6.28681E+00    2.31563E+00    3.21224E+02
-2.75500E-01    6.27405E+00    2.33438E+00    3.20138E+02
-2.74500E-01    6.26130E+00    2.35313E+00    3.19055E+02
-2.73500E-01    6.24857E+00    2.37188E+00    3.17974E+02
-2.72500E-01    6.23585E+00    2.39063E+00    3.16897E+02
-2.71500E-01    6.22316E+00    2.40938E+00    3.15822E+02
-2.70500E-01    6.21048E+00    2.42813E+00    3.14751E+02
-2.69500E-01    6.19782E+00    2.44688E+00    3.13682E+02
-2.68500E-01    6.18517E+00    2.46563E+00    3.12616E+02
-2.67500E-01    6.17255E+00    2.48438E+00    3.11553E+02
-2.66500E-01    6.15994E+00    2.50313E+00    3.10493E+02
-2.65500E-01    6.14734E+00    2.52188E+00    3.09436E+02
-2.64500E-01    6.13477E+00    2.54063E+00    3.08381E+02
-2.63500E-01    6.12221E+00    2.55938E+00    3.07330E+02
-2.62500E-01    6.10967E+00    2.57813E+00    3.06281E+02
-2.61500E-01    6.09714E+00    2.59688E+00    3.05236E+02
-2.60500E-01    6.08464E+00    2.61563E+00    3.04193E+02
-2.59500E-01    6.07215E+00    2.63437E+00    3.03153E+02
-2.58500E-01    6.05968E+00    2.65312E+00    3.02116E+02
-2.57500E-01    6.04722E+00    2.67187E+00    3.01082E+02
-2.56500E-01    6.03478E+00    2.69062E+00    3.00050E+02
-2.55500E-01    6.02236E+00    2.70937E+00    2.99021E+02
-2.54500E-01    6.00995E+00    2.72812E+00    2.97996E+02
-2.53500E-01    5.99757E+00    2.74687E+00    2.96973E+02
-2.52500E-01    5.98520E+00    2.76562E+00    2.95953E+02
-2.51500E-01    5.97284E+00    2.78437E+00    2.94935E+02
-2.50500E-01    5.96051E+00    2.80312E+00    2.93921E+02
-2.49500E-01    5.94819E+00    2.82187E+00    2.92909E+02
-2.48500E-01    5.93589E+00    2.84063E+00    2.91900E+02
-2.47500E-01    5.92360E+00    2.85937E+00    2.90894E+02
-2.46500E-01    5.91133E+00    2.87812E+00    2.89890E+02
-2.45500E-01    5.89908E+00    2.89687E+00    2.88890E+02
-2.44500E-01    5.88685E+00    2.91562E+00    2.87892E+02
-2.43500E-01    5.87463E+00    2.93438E+00    2.86897E+02
-2.42500E-01    5.86243E+00    2.95312E+00    2.85904E+02
-2.41500E-01    5.85024E+00    2.97187E+00    2.84915E+02
-2.40500E-01    5.83808E+00    2.99063E+00    2.83928E+02
-2.39500E-01    5.82593E+00    3.00937E+00    2.82943E+02
-2.38500E-01    5.81379E+00    3.02812E+00    2.81962E+02
-2.37500E-01    5.80168E+00    3.04687E+00    2.80983E+02
-2.36500E-01    5.78958E+00    3.06562E+00    2.80007E+02
-2.35500E-01    5.77750E+00    3.08438E+00    2.79034E+02
-2.34500E-01    5.76543E+00    3.10312E+00    2.78064E+02
-2.33500E-01    5.75338E+00    3.12187E+00    2.77096E+02
-2.32500E-01    5.74135E+00    3.14062E+00    2.76131E+02
-2.31500E-01    5.72933E+00    3.15937E+00    2.75168E+02
-2.30500E-01    5.71733E+00    3.17813E+00    2.74208E+02
-2.29500E-01    5.70535E+00    3.19687E+00    2.73251E+02
-2.28500E-01    5.69339E+00    3.21562E+00    2.72297E+02
-2.27500E-01    5.68144E+00    3.23438E+00    2.71345E+02
-2.26500E-01    5.66951E+00    3.25312E+00    2.70396E+02
-2.25500E-01    5.65759E+00    3.27188E+00    2.69450E+02
-2.24500E-01    5.64569E+00    3.29063E+00    2.68506E+02
-2.23500E-01    5.63381E+00    3.30937E+00    2.67565E+02
-2.22500E-01    5.62195E+00    3.32812E+00    2.66626E+02
-2.21500E-01    5.61010E+00    3.34687E+00    2.65690E+02
-2.20500E-01    5.59827E+00    3.36563E+00    2.64757E+02
-2.19500E-01    5.58645E+00    3.38438E+00    2.63826E+02
-2.18500E-01    5.57466E+00    3.40312E+00    2.62898E+02
-2.17500E-01    5.56287E+00    3.42188E+00    2.61973E+02
-2.16500E-01    5.55111E+00    3.44063E+00    2.61050E+02
-2.15500E-01    5.53936E+00    3.45938E+00    2.60130E+02
-2.14500E-01    5.52763E+00    3.47813E+00    2.59213E+02
-2.13500E-01    5.51591E+00    3.49687E+00    2.58298E+02
-2.12500E-01    5.50422E+00    3.51562E+00    2.57385E+02
-2.11500E-01    5.49253E+00    3.53437E+00    2.56475E+02
-2.10500E-01    5.48087E+00    3.55312E+00    2.55568E+02
-2.09500E-01    5.46922E+00    3.57187E+00    2.54664E+02
-2.08500E-01    5.45759E+00    3.59062E+00    2.53761E+02
-2.07500E-01    5.44597E+00    3.60937E+00    2.52862E+02
-2.06500E-01    5.43437E+00    3.62812E+00    2.51965E+02
-2.05500E-01    5.42279E+00    3.64687E+00    2.51070E+02
-2.04500E-01    5.41122E+00    3.66562E+00    2.50179E+02
-2.03500E-01    5.39967E+00    3.68437E+00    2.49289E+02
-2.02500E-01    5.38814E+00    3.70312E+00    2.48402E+02
-2.01500E-01    5.37662E+00    3.72187E+00    2.47518E+02
-2.00500E-01    5.36512E+00    3.74062E+00    2.46636E+02
-1.99500E-01    5.35363E+00    3.75937E+00    2.45757E+02
-1.98500E-01    5.34217E+00    3.77812E+00    2.44880E+02
-1.97500E-01    5.33072E+00    3.79687E+00    2.44006E+02
-1.96500E-01    5.31928E+00    3.81562E+00    2.43134E+02
-1.95500E-01    5.30786E+00    3.83437E+00    2.42265E+02
-1.94500E-01    5.29646E+00    3.85312E+00    2.41398E+02
-1.93500E-01    5.28507E+00    3.87187E+00    2.40534E+02
-1.92500E-01    5.27370E+00    3.89062E+00    2.39672E+02
-1.91500E-01    5.26235E+00    3.90937E+00    2.38813E+02
-1.90500E-01    5.25101E+00    3.92812E+00    2.37956E+02
-1.89500E-01    5.23969E+00    3.94687E+00    2.37101E+02
-1.88500E-01    5.22839E+00    3.96562E+00    2.36249E+02
-1.87500E-01    5.21710E+00    3.98437E+00    2.35400E+02
-1.86500E-01    5.20583E+00    4.00312E+00    2.34553E+02
-1.85500E-01    5.19457E+00    4.02187E+00    2.33708E+02
-1.84500E-01    5.18333E+00    4.04062E+00    2.32866E+02
-1.83500E-01    5.17211E+00    4.05938E+00    2.32026E+02
-1.82500E-01    5.16090E+00    4.07812E+00    2.31189E+02
-1.81500E-01    5.14971E+00    4.09687E+00    2.30354E+02
-1.80500E-01    5.13853E+00    4.11562E+00    2.29522E+02
-1.79500E-01    5.12738E+00    4.13437E+00    2.28691E+02
-1.78500E-01    5.11623E+00    4.15313E+00    2.27864E+02
-1.77500E-01    5.10511E+00    4.17187E+00    2.27038E+02
-1.76500E-01    5.09400E+00    4.19062E+00    2.26216E+02
-1.75500E-01    5.08290E+00    4.20937E+00    2.25395E+02
-1.74500E-01    5.07183E+00    4.22812E+00    2.24577E+02
-1.73500E-01    5.06076E+00    4.24688E+00    2.23761E+02
-1.72500E-01    5.04972E+00    4.26562E+00    2.22948E+02
-1.71500E-01    5.03869E+00    4.28437E+00    2.22137E+02
-1.70500E-01    5.02767E+00    4.30312E+00    2.21328E+02
-1.69500E-01    5.01668E+00    4.32187E+00    2.20522E+02
-1.68500E-01    5.00570E+00    4.34063E+00    2.19718E+02
-1.67500E-01    4.99473E+00    4.35938E+00    2.18916E+02
-1.66500E-01    4.98378E+00    4.37812E+00    2.18117E+02
-1.65500E-01    4.97285E+00    4.39687E+00    2.17320E+02
-1.64500E-01    4.96193E+00    4.41562E+00    2.16525E+02
-1.63500E-01    4.95103E+00    4.43438E+00    2.15733E+02
-1.62500E-01    4.94014E+00    4.45312E+00    2.14943E+02
-1.61500E-01    4.92927E+00    4.47187E+00    2.14156E+02
-1.60500E-01    4.91842E+00    4.49062E+00    2.13370E+02
-1.59500E-01    4.90758E+00    4.50938E+00    2.12587E+02
-1.58500E-01    4.89676E+00    4.52812E+00    2.11807E+02
-1.57500E-01    4.88596E+00    4.54688E+00    2.11028E+02
-1.56500E-01    4.87517E+00    4.56562E+00    2.10252E+02
-1.55500E-01    4.86439E+00    4.58437E+00    2.09478E+02
-1.54500E-01    4.85363E+00    4.60313E+00    2.08707E+02
-1.53500E-01    4.84289E+00    4.62188E+00    2.07937E+02
-1.52500E-01    4.83217E+00    4.64062E+00    2.07170E+02
-1.51500E-01    4.82146E+00    4.65937E+00    2.06406E+02
-1.50500E-01    4.81076E+00    4.67812E+00    2.05643E+02
-1.49500E-01    4.80008E+00    4.69688E+00    2.04883E+02
-1.48500E-01    4.78942E+00    4.71563E+00    2.04125E+02
-1.47500E-01    4.77877E+00    4.73437E+00    2.03369E+02
-1.46500E-01    4.76814E+00    4.75312E+00    2.02616E+02
-1.45500E-01    4.75753E+00    4.77187E+00    2.01864E+02
-1.44500E-01    4.74693E+00    4.79062E+00    2.01115E+02
-1.43500E-01    4.73634E+00    4.80937E+00    2.00369E+02
-1.42500E-01    4.72577E+00    4.82812E+00    1.99624E+02
-1.41500E-01    4.71522E+00    4.84687E+00    1.98882E+02
-1.40500E-01    4.70468E+00    4.86562E+00    1.98141E+02
-1.39500E-01    4.69416E+00    4.88437E+00    1.97404E+02
-1.38500E-01    4.68366E+00    4.90312E+00    1.96668E+02
-1.37500E-01    4.67317E+00    4.92187E+00    1.95934E+02
-1.36500E-01    4.66269E+00    4.94062E+00    1.95203E+02
-1.35500E-01    4.65224E+00    4.95937E+00    1.94474E+02
-1.34500E-01    4.64179E+00    4.97812E+00    1.93747E+02
-1.33500E-01    4.63137E+00    4.99687E+00    1.93022E+02
-1.32500E-01    4.62095E+00    5.01562E+00    1.92299E+02
-1.31500E-01    4.61056E+00    5.03437E+00    1.91579E+02
-1.30500E-01    4.60018E+00    5.05312E+00    1.90860E+02
-1.29500E-01    4.58981E+00    5.07187E+00    1.90144E+02
-1.28500E-01    4.57946E+00    5.09062E+00    1.89430E+02
-1.27500E-01    4.56913E+00    5.10937E+00    1.88718E+02
-1.26500E-01    4.55881E+00    5.12812E+00    1.88009E+02
-1.25500E-01    4.54851E+00    5.14687E+00    1.87301E+02
-1.24500E-01    4.53822E+00    5.16562E+00    1.86595E+02
-1.23500E-01    4.52795E+00    5.18437E+00    1.85892E+02
-1.22500E-01    4.51770E+00    5.20312E+00    1.85191E+02
-1.21500E-01    4.50746E+00    5.22187E+00    1.84492E+02
-1.20500E-01    4.49723E+00    5.24062E+00    1.83795E+02
-1.19500E-01    4.48702E+00    5.25937E+00    1.83100E+02
-1.18500E-01    4.47683E+00    5.27812E+00    1.82407E+02
-1.17500E-01    4.46665E+00    5.29687E+00    1.81717E+02
-1.16500E-01    4.45649E+00    5.31562E+00    1.81028E+02
-1.15500E-01    4.44634E+00    5.33437E+00    1.80341E+02
-1.14500E-01    4.43621E+00    5.35312E+00    1.79657E+02
-1.13500E-01    4.42609E+00    5.37187E+00    1.78975E+02
-1.12500E-01    4.41599E+00    5.39062E+00    1.78294E+02
-1.11500E-01    4.40590E+00    5.40937E+00    1.77616E+02
-1.10500E-01    4.39583E+00    5.42812E+00    1.76940E+02
-1.09500E-01    4.38578E+00    5.44688E+00    1.76266E+02
-1.08500E-01    4.37574E+00    5.46562E+00    1.75594E+02
-1.07500E-01    4.36571E+00    5.48437E+00    1.74924E+02
-1.06500E-01    4.35570E+00    5.50312E+00    1.74256E+02
-1.05500E-01    4.34571E+00    5.52187E+00    1.73590E+02
-1.04500E-01    4.33573E+00    5.54063E+00    1.72927E+02
-1.03500E-01    4.32577E+00    5.55937E+00    1.72265E+02
-1.02500E-01    4.31582E+00    5.57812E+00    1.71605E+02
-1.01500E-01    4.30589E+00    5.59687E+00    1.70947E+02
-1.00500E-01    4.29597E+00    5.61562E+00    1.70292E+02
-9.95000E-02    4.28607E+00    5.63438E+00    1.69638E+02
-9.85000E-02    4.27618E+00    5.65312E+00    1.68986E+02
-9.75000E-02    4.26631E+00    5.67187E+00    1.68336E+02
-9.65000E-02    4.25645E+00    5.69062E+00    1.67689E+02
-9.55000E-02    4.24661E+00    5.70937E+00    1.67043E+02
-9.45000E-02    4.23678E+00    5.72813E+00    1.66399E+02
-9.35000E-02    4.22697E+00    5.74687E+00    1.65758E+02
-9.25000E-02    4.21718E+00    5.76562E+00    1.65118E+02
-9.15000E-02    4.20739E+00    5.78437E+00    1.64480E+02
-9.05000E-02    4.19763E+00    5.80312E+00    1.63844E+02
-8.95000E-02    4.18788E+00    5.82188E+00    1.63210E+02
-8.85000E-02    4.17814E+00    5.84063E+00    1.62579E+02
-8.75000E-02    4.16842E+00    5.85938E+00    1.61949E+02
-8.65000E-02    4.15872E+00    5.87812E+00    1.61321E+02
-8.55000E-02    4.14903E+00    5.89687E+00    1.60695E+02
-8.45000E-02    4.13935E+00    5.91563E+00    1.60071E+02
-8.35000E-02    4.12969E+00    5.93437E+00    1.59449E+02
-8.25000E-02    4.12005E+00    5.95312E+00    1.58828E+02
-8.15000E-02    4.11042E+00    5.97187E+00    1.58210E+02
-8.05000E-02    4.10080E+00    5.99062E+00    1.57594E+02
-7.95000E-02    4.09120E+00    6.00937E+00    1.56979E+02
-7.85000E-02    4.08162E+00    6.02812E+00    1.56367E+02
-7.75000E-02    4.07205E+00    6.04687E+00    1.55756E+02
-7.65000E-02    4.06249E+00    6.06562E+00    1.55148E+02
-7.55000E-02    4.05295E+00    6.08437E+00    1.54541E+02
-7.45000E-02    4.04343E+00    6.10312E+00    1.53936E+02
-7.35000E-02    4.03392E+00    6.12187E+00    1.53333E+02
-7.25000E-02    4.02442E+00    6.14062E+00    1.52732E+02
-7.15000E-02    4.01494E+00    6.15937E+00    1.52133E+02
-7.05000E-02    4.00548E+00    6.17812E+00    1.51536E+02
-6.95000E-02    3.99602E+00    6.19687E+00    1.50940E+02
-6.85000E-02    3.98659E+00    6.21562E+00    1.50347E+02
-6.75000E-02    3.97717E+00    6.23437E+00    1.49755E+02
-6.65000E-02    3.96776E+00    6.25312E+00    1.49165E+02
-6.55000E-02    3.95837E+00    6.27187E+00    1.48577E+02
-6.45000E-02    3.94899E+00    6.29062E+00    1.47991E+02
-6.35000E-02    3.93963E+00    6.30937E+00    1.47407E+02
-6.25000E-02    3.93029E+00    6.32812E+00    1.46824E+02
-6.15000E-02    3.92095E+00    6.34687E+00    1.46244E+02
-6.05000E-02    3.91164E+00    6.36562E+00    1.45665E+02
-5.95000E-02    3.90234E+00    6.38437E+00    1.45088E+02
-5.85000E-02    3.89305E+00    6.40312E+00    1.44513E+02
-5.75000E-02    3.88377E+00    6.42187E+00    1.43940E+02
-5.65000E-02    3.87452E+00    6.44062E+00    1.43369E+02
-5.55000E-02    3.86527E+00    6.45937E+00    1.42799E+02
-5.45000E-02    3.85604E+00    6.47812E+00    1.42231E+02
-5.35000E-02    3.84683E+00    6.49687E+00    1.41665E+02
-5.25000E-02    3.83763E+00    6.51562E+00    1.41101E+02
-5.15000E-02    3.82845E+00    6.53437E+00    1.40539E+02
-5.05000E-02    3.81928E+00    6.55312E+00    1.39978E+02
-4.95000E-02    3.81012E+00    6.57187E+00    1.39419E+02
-4.85000E-02    3.80098E+00    6.59062E+00    1.38862E+02
-4.75000E-02    3.79185E+00    6.60937E+00    1.38307E+02
-4.65000E-02    3.78274E+00    6.62812E+00    1.37754E+02
-4.55000E-02    3.77365E+00    6.64687E+00    1.37202E+02
-4.45000E-02    3.76456E+00    6.66562E+00    1.36652E+02
-4.35000E-02    3.75550E+00    6.68438E+00    1.36104E+02
-4.25000E-02    3.74644E+00    6.70312E+00    1.35557E+02
-4.15000E-02    3.73741E+00    6.72187E+00    1.35013E+02
-4.05000E-02    3.72838E+00    6.74062E+00    1.34470E+02
-3.95000E-02    3.71937E+00    6.75937E+00    1.33929E+02
-3.85000E-02    3.71038E+00    6.77813E+00    1.33389E+02
-3.75000E-02    3.70140E+00    6.79687E+00    1.32852E+02
-3.65000E-02    3.69243E+00    6.81562E+00    1.32316E+02
-3.55000E-02    3.68348E+00    6.83437E+00    1.31782E+02
-3.45000E-02    3.67454E+00    6.85312E+00    1.31249E+02
-3.35000E-02    3.66562E+00    6.87188E+00    1.30719E+02
-3.25000E-02    3.65671E+00    6.89062E+00    1.30190E+02
-3.15000E-02    3.64782E+00    6.90937E+00    1.29662E+02
-3.05000E-02    3.63894E+00    6.92812E+00    1.29137E+02
-2.95000E-02    3.63008E+00    6.94687E+00    1.28613E+02
-2.85000E-02    3.62123E+00    6.96563E+00    1.28091E+02
-2.75000E-02    3.61239E+00    6.98437E+00    1.27570E+02
-2.65000E-02    3.60357E+00    7.00312E+00    1.27051E+02
-2.55000E-02    3.59476E+00    7.02187E+00    1.26534E+02
-2.45000E-02    3.58597E+00    7.04062E+00    1.26019E+02
-2.35000E-02    3.57719E+00    7.05938E+00    1.25505E+02
-2.25000E-02    3.56843E+00    7.07812E+00    1.24993E+02
-2.15000E-02    3.55968E+00    7.09687E+00    1.24483E+02
-2.05000E-02    3.55094E+00    7.11562E+00    1.23974E+02
-1.95000E-02    3.54222E+00    7.13437E+00    1.23467E+02
-1.85000E-02    3.53351E+00    7.15312E+00    1.22961E+02
-1.75000E-02    3.52482E+00    7.17187E+00    1.22458E+02
-1.65000E-02    3.51614E+00    7.19062E+00    1.21956E+02
-1.55000E-02    3.50748E+00    7.20937E+00    1.21455E+02
-1.45000E-02    3.49883E+00    7.22812E+00    1.20956E+02
-1.35000E-02    3.49019E+00    7.24687E+00    1.20459E+02
-1.25000E-02    3.48157E+00    7.26562E+00    1.19964E+02
-1.15000E-02    3.47296E+00    7.28437E+00    1.19470E+02
-1.05000E-02    3.46437E+00    7.30312E+00    1.18978E+02
-9.50000E-03    3.45579E+00    7.32187E+00    1.18487E+02
-8.50000E-03    3.44723E+00    7.34062E+00    1.17998E+02
-7.50000E-03    3.43868E+00    7.35937E+00    1.17511E+02
-6.50000E-03    3.43014E+00    7.37812E+00    1.17025E+02
-5.50000E-03    3.42162E+00    7.39687E+00    1.16541E+02
-4.50000E-03    3.41311E+00    7.41562E+00    1.16058E+02
-3.50000E-03    3.40462E+00    7.43437E+00    1.15577E+02
-2.50000E-03    3.39614E+00    7.45312E+00    1.15098E+02
-1.50000E-03    3.38767E+00    7.47187E+00    1.14620E+02
-5.00000E-04    3.37922E+00    7.49062E+00    1.14144E+02
5.00000E-04    3.37078E+00    7.50937E+00    1.13669E+02
1.50000E-03    3.36236E+00    7.52813E+00    1.13196E+02
2.50000E-03    3.35395E+00    7.54688E+00    1.12725E+02
3.50000E-03    3.34555E+00    7.56563E+00    1.12255E+02
4.50000E-03    3.33717E+00    7.58437E+00    1.11786E+02
5.50000E-03    3.32881E+00    7.60312E+00    1.11320E+02
6.50000E-03    3.32045E+00    7.62188E+00    1.10855E+02
7.50000E-03    3.31211E+00    7.64062E+00    1.10391E+02
8.50000E-03    3.30379E+00    7.65938E+00    1.09929E+02
9.50000E-03    3.29548E+00    7.67812E+00    1.09468E+02
1.05000E-02    3.28718E+00    7.69687E+00    1.09009E+02
1.15000E-02    3.27890E+00    7.71563E+00    1.08552E+02
1.25000E-02    3.27063E+00    7.73437E+00    1.08096E+02
1.35000E-02    3.26237E+00    7.75312E+00    1.07642E+02
1.45000E-02    3.25413E+00    7.77187E+00    1.07189E+02
1.55000E-02    3.24590E+00    7.79062E+00    1.06737E+02
1.65000E-02    3.23769E+00    7.80937E+00    1.06288E+02
1.75000E-02    3.22949E+00    7.82812E+00    1.05839E+02
1.85000E-02    3.22130E+00    7.84687E+00    1.05393E+02
1.95000E-02    3.21313E+00    7.86562E+00    1.04947E+02
2.05000E-02    3.20497E+00    7.88437E+00    1.04504E+02
2.15000E-02    3.19682E+00    7.90312E+00    1.04061E+02
2.25000E-02    3.18869E+00    7.92187E+00    1.03621E+02
2.35000E-02    3.18058E+00    7.94062E+00    1.03181E+02
2.45000E-02    3.17247E+00    7.95937E+00    1.02744E+02
2.55000E-02    3.16438E+00    7.97812E+00    1.02307E+02
2.65000E-02    3.15631E+00    7.99687E+00    1.01872E+02
2.75000E-02    3.14825E+00    8.01562E+00    1.01439E+02
2.85000E-02    3.14020E+00    8.03437E+00    1.01007E+02
2.95000E-02    3.13216E+00    8.05312E+00    1.00577E+02
3.05000E-02    3.12414E+00    8.07187E+00    1.00148E+02
3.15000E-02    3.11613E+00    8.09062E+00    9.97206E+01
3.25000E-02    3.10814E+00    8.10937E+00    9.92946E+01
3.35000E-02    3.10016E+00    8.12812E+00    9.88701E+01
3.45000E-02    3.09219E+00    8.14687E+00    9.84471E+01
3.55000E-02    3.08424E+00    8.16562E+00    9.80254E+01
3.65000E-02    3.07630E+00    8.18437E+00    9.76053E+01
3.75000E-02    3.06838E+00    8.20312E+00    9.71865E+01
3.85000E-02    3.06047E+00    8.22187E+00    9.67693E+01
3.95000E-02    3.05257E+00    8.24062E+00    9.63534E+01
4.05000E-02    3.04468E+00    8.25937E+00    9.59390E+01
4.15000E-02    3.03681E+00    8.27812E+00    9.55260E+01
4.25000E-02    3.02896E+00    8.29687E+00    9.51144E+01
4.35000E-02    3.02111E+00    8.31562E+00    9.47043E+01
4.45000E-02    3.01854E+00    8.32179E+00    9.45697E+01
4.55000E-02    3.01854E+00    8.32179E+00    9.45697E+01
4.65000E-02    3.01854E+00    8.32179E+00    9.45697E+01
4.75000E-02    3.01854E+00    8.32179E+00    9.45697E+01
4.85000E-02    3.01854E+00    8.32179E+00    9.45697E+01
4.95000E-02    3.01854E+00    8.32179E+00    9.45697E+01
5.05000E-02    3.01854E+00    8.32179E+00    9.45697E+01
5.15000E-02    3.01854E+00    8.32179E+00    9.45697E+01
5.25000E-02    3.01854E+00    8.32179E+00    9.45697E+01
5.35000E-02    3.01854E+00    8.32179E+00    9.45697E+01
5.45000E-02    3.01854E+00    8.32179E+00    9.45697E+01
5.55000E-02    3.01854E+00    8.32179E+00    9.45697E+01
5.65000E-02    3.01854E+00    8.32179E+00    9.45697E+01
5.75000E-02    3.01854E+00    8.32179E+00    9.45697E+01
5.85000E-02    3.01854E+00    8.32179E+00    9.45697E+01
5.95000E-02    3.01854E+00    8.32179E+00    9.45697E+01
6.05000E-02    3.01854E+00    8.32179E+00    9.45697E+01
6.15000E-02    3.01854E+00    8.32179E+00    9.45697E+01
6.25000E-02    3.01854E+00    8.32179E+00    9.45697E+01
6.35000E-02    3.01854E+00    8.32179E+00    9.45697E+01
6.45000E-02    3.01854E+00    8.32179E+00    9.45697E+01
6.55000E-02    3.01854E+00    8.32179E+00    9.45697E+01
6.65000E-02    3.01854E+00    8.32179E+00    9.45697E+01
6.75000E-02    3.01854E+00    8.32179E+00    9.45697E+01
6.85000E-02    3.01854E+00    8.32179E+00    9.45697E+01
6.95000E-02    3.01854E+00    8.32179E+00    9.45697E+01
7.05000E-02    3.01854E+00    8.32179E+00    9.45697E+01
7.15000E-02    3.01854E+00    8.32179E+00    9.45697E+01
7.25000E-02    3.01854E+00    8.32179E+00    9.45697E+01
7.35000E-02    3.01854E+00    8.32179E+00    9.45697E+01
7.45000E-02    3.01854E+00    8.32179E+00    9.45697E+01
7.55000E-02    3.01854E+00    8.32179E+00    9.45697E+01
7.65000E-02    3.01854E+00    8.32179E+00    9.45697E+01
7.75000E-02    3.01854E+00    8.32179E+00    9.45697E+01
7.85000E-02    3.01854E+00    8.32179E+00    9.45697E+01
7.95000E-02    3.01854E+00    8.32179E+00    9.45697E+01
8.05000E-02    3.01854E+00    8.32179E+00    9.45697E+01
8.15000E-02    3.01854E+00    8.32179E+00    9.45697E+01
8.25000E-02    3.01854E+00    8.32179E+00    9.45697E+01
8.35000E-02    3.01854E+00    8.32179E+00    9.45697E+01
8.45000E-02    3.01854E+00    8.32179E+00    9.45697E+01
8.55000E-02    3.01854E+00    8.32179E+00    9.45697E+01
8.65000E-02    3.01854E+00    8.32179E+00    9.45697E+01
8.75000E-02    3.01854E+00    8.32179E+00    9.45697E+01
8.85000E-02    3.01854E+00    8.32179E+00    9.45697E+01
8.95000E-02    3.01854E+00    8.32179E+00    9.45697E+01
9.05000E-02    3.01854E+00    8.32179E+00    9.45697E+01
9.15000E-02    3.01854E+00    8.32179E+00    9.45697E+01
9.25000E-02    3.01854E+00    8.32179E+00    9.45697E+01
9.35000E-02    3.01854E+00    8.32179E+00    9.45697E+01
9.45000E-02    3.01854E+00    8.32179E+00    9.45697E+01
9.55000E-02    3.01854E+00    8.32179E+00    9.45697E+01
9.65000E-02    3.01854E+00    8.32179E+00    9.45697E+01
9.75000E-02    3.01854E+00    8.32179E+00    9.45697E+01
9.85000E-02    3.01854E+00    8.32179E+00    9.45697E+01
9.95000E-02    3.01854E+00    8.32179E+00    9.45697E+01
1.00500E-01    3.01854E+00    8.32179E+00    9.45697E+01
1.01500E-01    3.01854E+00    8.32179E+00    9.45697E+01
1.02500E-01    3.01854E+00    8.32179E+00    9.45697E+01
1.03500E-01    3.01854E+00    8.32179E+00    9.45697E+01
1.04500E-01    3.01854E+00    8.32179E+00    9.45697E+01
1.05500E-01    3.01854E+00    8.32179E+00    9.45697E+01
1.06500E-01    3.01854E+00    8.32179E+00    9.45697E+01
1.07500E-01    3.01854E+00    8.32179E+00    9.45697E+01
1.08500E-01    3.01854E+00    8.32179E+00    9.45697E+01
1.09500E-01    3.01854E+00    8.32179E+00    9.45697E+01
1.10500E-01    3.01854E+00    8.32179E+00    9.45697E+01
1.11500E-01    3.01854E+00    8.32179E+00    9.45697E+01
1.12500E-01    3.01854E+00    8.32179E+00    9.45697E+01
1.13500E-01    3.01854E+00    8.32179E+00    9.45697E+01
1.14500E-01    3.01854E+00    8.32179E+00    9.45697E+01
1.15500E-01    3.01854E+00    8.32179E+00    9.45697E+01
1.16500E-01    3.01854E+00    8.32179E+00    9.45697E+01
1.17500E-01    3.01854E+00    8.32179E+00    9.45697E+01
1.18500E-01    3.01854E+00    8.32179E+00    9.45697E+01
1.19500E-01    3.01854E+00    8.32179E+00    9.45697E+01
1.20500E-01    3.01854E+00    8.32179E+00    9.45697E+01
1.21500E-01    3.01854E+00    8.32179E+00    9.45697E+01
1.22500E-01    3.01854E+00    8.32179E+00    9.45697E+01
1.23500E-01    3.01854E+00    8.32179E+00    9.45697E+01
1.24500E-01    3.01854E+00    8.32179E+00    9.45697E+01
1.25500E-01    3.01854E+00    8.32179E+00    9.45697E+01
1.26500E-01    3.01854E+00    8.32179E+00    9.45697E+01
1.27500E-01    3.01854E+00    8.32179E+00    9.45697E+01
1.28500E-01    3.01854E+00    8.32179E+00    9.45697E+01
1.29500E-01    3.01854E+00    8.32179E+00    9.45697E+01
1.30500E-01    3.01854E+00    8.32179E+00    9.45697E+01
1.31500E-01    3.01854E+00    8.32179E+00    9.45697E+01
1.32500E-01    3.01854E+00    8.32179E+00    9.45697E+01
1.33500E-01    3.01854E+00    8.32179E+00    9.45697E+01
1.34500E-01    3.01854E+00    8.32179E+00    9.45697E+01
1.35500E-01    3.01854E+00    8.32179E+00    9.45697E+01
1.36500E-01    3.01854E+00    8.32179E+00    9.45697E+01
1.37500E-01    3.01854E+00    8.32179E+00    9.45697E+01
1.38500E-01    3.01854E+00    8.32179E+00    9.45697E+01
1.39500E-01    3.01854E+00    8.32179E+00    9.45697E+01
1.40500E-01    3.01854E+00    8.32179E+00    9.45697E+01
1.41500E-01    3.01854E+00    8.32179E+00    9.45697E+01
1.42500E-01    3.01854E+00    8.32179E+00    9.45697E+01
1.43500E-01    3.01854E+00    8.32179E+00    9.45697E+01
1.44500E-01    3.01854E+00    8.32179E+00    9.45697E+01
1.45500E-01    3.01854E+00    8.32179E+00    9.45697E+01
1.46500E-01    3.01854E+00    8.32179E+00    9.45697E+01
1.47500E-01    3.01854E+00    8.32179E+00    9.45697E+01
1.48500E-01    3.01854E+00    8.32179E+00    9.45697E+01
1.49500E-01    3.01854E+00    8.32179E+00    9.45697E+01
1.50500E-01    3.01854E+00    8.32179E+00    9.45697E+01
1.51500E-01    3.01854E+00    8.32179E+00    9.45697E+01
1.52500E-01    3.01854E+00    8.32179E+00    9.45697E+01
1.53500E-01    3.01854E+00    8.32179E+00    9.45697E+01
1.54500E-01    3.01854E+00    8.32179E+00    9.45697E+01
1.55500E-01    3.01854E+00    8.32179E+00    9.45697E+01
1.56500E-01    3.01854E+00    8.32179E+00    9.45697E+01
1.57500E-01    3.01854E+00    8.32179E+00    9.45697E+01
1.58500E-01    3.01854E+00    8.32179E+00    9.45697E+01
1.59500E-01    3.01854E+00    8.32179E+00    9.45697E+01
1.60500E-01    3.01854E+00    8.32179E+00    9.45697E+01
1.61500E-01    3.01854E+00    8.32179E+00    9.45697E+01
1.62500E-01    3.01854E+00    8.32179E+00    9.45697E+01
1.63500E-01    3.01854E+00    8.32179E+00    9.45697E+01
1.64500E-01    3.01854E+00    8.32179E+00    9.45697E+01
1.65500E-01    3.01854E+00    8.32179E+00    9.45697E+01
1.66500E-01    3.01854E+00    8.32179E+00    9.45697E+01
1.67500E-01    3.01854E+00    8.32179E+00    9.45697E+01
1.68500E-01    3.01854E+00    8.32179E+00    9.45697E+01
1.69500E-01    3.01854E+00    8.32179E+00    9.45697E+01
1.70500E-01    3.01854E+00    8.32179E+00    9.45697E+01
1.71500E-01    3.01854E+00    8.32179E+00    9.45697E+01
1.72500E-01    3.01854E+00    8.32179E+00    9.45697E+01
1.73500E-01    3.01854E+00    8.32179E+00    9.45697E+01
1.74500E-01    3.01854E+00    8.32179E+00    9.45697E+01
1.75500E-01    3.01854E+00    8.32179E+00    9.45697E+01
1.76500E-01    3.01854E+00    8.32179E+00    9.45697E+01
1.77500E-01    3.01854E+00    8.32179E+00    9.45697E+01
1.78500E-01    3.01854E+00    8.32179E+00    9.45697E+01
1.79500E-01    3.01854E+00    8.32179E+00    9.45697E+01
1.80500E-01    3.01854E+00    8.32179E+00    9.45697E+01
1.81500E-01    3.01854E+00    8.32179E+00    9.45697E+01
1.82500E-01    3.01854E+00    8.32179E+00    9.45697E+01
1.83500E-01    3.01854E+00    8.32179E+00    9.45697E+01
1.84500E-01    3.01854E+00    8.32179E+00    9.45697E+01
1.85500E-01    3.01854E+00    8.32179E+00    9.45697E+01
1.86500E-01    3.01854E+00    8.32179E+00    9.45697E+01
1.87500E-01    3.01854E+00    8.32179E+00    9.45697E+01
1.88500E-01    3.01854E+00    8.32179E+00    9.45697E+01
1.89500E-01    3.01854E+00    8.32179E+00    9.45697E+01
1.90500E-01    3.01854E+00    8.32179E+00    9.45697E+01
1.91500E-01    3.01854E+00    8.32179E+00    9.45697E+01
1.92500E-01    3.01854E+00    8.32179E+00    9.45697E+01
1.93500E-01    3.01854E+00    8.32179E+00    9.45697E+01
1.94500E-01    3.01854E+00    8.32179E+00    9.45697E+01
1.95500E-01    3.01854E+00    8.32179E+00    9.45697E+01
1.96500E-01    3.01854E+00    8.32179E+00    9.45697E+01
1.97500E-01    3.01854E+00    8.32179E+00    9.45697E+01
1.98500E-01    3.01854E+00    8.32179E+00    9.45697E+01
1.99500E-01    3.01854E+00    8.32179E+00    9.45697E+01
2.00500E-01    3.01854E+00    8.32179E+00    9.45697E+01
2.01500E-01    3.01854E+00    8.32179E+00    9.45697E+01
2.02500E-01    3.01854E+00    8.32179E+00    9.45697E+01
2.03500E-01    3.01854E+00    8.32179E+00    9.45697E+01
2.04500E-01    3.01854E+00    8.32179E+00    9.45697E+01
2.05500E-01    3.01854E+00    8.32179E+00    9.45697E+01
2.06500E-01    3.01854E+00    8.32179E+00    9.45697E+01
2.07500E-01    3.01854E+00    8.32179E+00    9.45697E+01
2.08500E-01    3.01854E+00    8.32179E+00    9.45697E+01
2.09500E-01    3.01854E+00    8.32179E+00    9.45697E+01
2.10500E-01    3.01854E+00    8.32179E+00    9.45697E+01
2.11500E-01    3.01854E+00    8.32179E+00    9.45697E+01
2.12500E-01    3.01854E+00    8.32179E+00    9.45697E+01
2.13500E-01    3.01854E+00    8.32179E+00    9.45697E+01
2.14500E-01    3.01854E+00    8.32179E+00    9.45697E+01
2.15500E-01    3.01854E+00    8.32179E+00    9.45697E+01
2.16500E-01    3.01854E+00    8.32179E+00    9.45697E+01
2.17500E-01    3.01854E+00    8.32179E+00    9.45697E+01
2.18500E-01    3.01854E+00    8.32179E+00    9.45697E+01
2.19500E-01    3.01854E+00    8.32179E+00    9.45697E+01
2.20500E-01    3.01854E+00    8.32179E+00    9.45697E+01
2.21500E-01    3.01854E+00    8.32179E+00    9.45697E+01
2.22500E-01    3.01854E+00    8.32179E+00    9.45697E+01
2.23500E-01    3.01854E+00    8.32179E+00    9.45697E+01
2.24500E-01    3.01854E+00    8.32179E+00    9.45697E+01
2.25500E-01    3.01854E+00    8.32179E+00    9.45697E+01
2.26500E-01    3.01854E+00    8.32179E+00    9.45697E+01
2.27500E-01    3.01854E+00    8.32179E+00    9.45697E+01
2.28500E-01    3.01854E+00    8.32179E+00    9.45697E+01
2.29500E-01    3.01854E+00    8.32179E+00    9.45697E+01
2.30500E-01    3.01854E+00    8.32179E+00    9.45697E+01
2.31500E-01    3.01854E+00    8.32179E+00    9.45697E+01
2.32500E-01    3.01854E+00    8.32179E+00    9.45697E+01
2.33500E-01    3.01854E+00    8.32179E+00    9.45697E+01
2.34500E-01    3.01854E+00    8.32179E+00    9.45697E+01
2.35500E-01    3.01854E+00    8.32179E+00    9.45697E+01
2.36500E-01    3.01854E+00    8.32179E+00    9.45697E+01
2.37500E-01    3.01854E+00    8.32179E+00    9.45697E+01
2.38500E-01    3.01854E+00    8.32179E+00    9.45697E+01
2.39500E-01    3.01854E+00    8.32179E+00    9.45697E+01
2.40500E-01    3.01854E+00    8.32179E+00    9.45697E+01
2.41500E-01    3.01854E+00    8.32179E+00    9.45697E+01
2.42500E-01    3.01854E+00    8.32179E+00    9.45697E+01
2.43500E-01    3.01854E+00    8.32179E+00    9.45697E+01
2.44500E-01    3.01854E+00    8.32179E+00    9.45697E+01
2.45500E-01    3.01854E+00    8.32179E+00    9.45697E+01
2.46500E-01    3.01854E+00    8.32179E+00    9.45697E+01
2.47500E-01    3.01854E+00    8.32179E+00    9.45697E+01
2.48500E-01    3.01854E+00    8.32179E+00    9.45697E+01
2.49500E-01    3.01854E+00    8.32179E+00    9.45697E+01
2.50500E-01    3.01854E+00    8.32179E+00    9.45697E+01
2.51500E-01    3.01854E+00    8.32179E+00    9.45697E+01
2.52500E-01    3.01854E+00    8.32179E+00    9.45697E+01
2.53500E-01    3.01854E+00    8.32179E+00    9.45697E+01
2.54500E-01    3.01854E+00    8.32179E+00    9.45697E+01
2.55500E-01    3.01854E+00    8.32179E+00    9.45697E+01
2.56500E-01    3.01854E+00    8.32179E+00    9.45697E+01
2.57500E-01    3.01854E+00    8.32179E+00    9.45697E+01
2.58500E-01    3.01854E+00    8.32179E+00    9.45697E+01
2.59500E-01    3.01854E+00    8.32179E+00    9.45697E+01
2.60500E-01    3.01854E+00    8.32179E+00    9.45697E+01
2.61500E-01    3.01854E+00    8.32179E+00    9.45697E+01
2.62500E-01    3.01854E+00    8.32179E+00    9.45697E+01
2.63500E-01    3.01854E+00    8.32179E+00    9.45697E+01
2.64500E-01    3.01854E+00    8.32179E+00    9.45697E+01
2.65500E-01    3.01854E+00    8.32179E+00    9.45697E+01
2.66500E-01    3.01854E+00    8.32179E+00    9.45697E+01
2.67500E-01    3.01854E+00    8.32179E+00    9.45697E+01
2.68500E-01    3.01854E+00    8.32179E+00    9.45697E+01
2.69500E-01    3.01854E+00    8.32179E+00    9.45697E+01
2.70500E-01    3.01854E+00    8.32179E+00    9.45697E+01
2.71500E-01    3.01854E+00    8.32179E+00    9.45697E+01
2.72500E-01    3.01854E+00    8.32179E+00    9.45697E+01
2.73500E-01    3.01854E+00    8.32179E+00    9.45697E+01
2.74500E-01    3.01854E+00    8.32179E+00    9.45697E+01
2.75500E-01    3.01854E+00    8.32179E+00    9.45697E+01
2.76500E-01    3.01854E+00    8.32179E+00    9.45697E+01
2.77500E-01    3.01854E+00    8.32179E+00    9.45697E+01
2.78500E-01    3.01854E+00    8.32179E+00    9.45697E+01
2.79500E-01    3.01854E+00    8.32179E+00    9.45697E+01
2.80500E-01    3.01854E+00    8.32179E+00    9.45697E+01
2.81500E-01    3.01854E+00    8.32179E+00    9.45697E+01
2.82500E-01    3.01854E+00    8.32179E+00    9.45697E+01
2.83500E-01    3.01854E+00    8.32179E+00    9.45697E+01
2.84500E-01    3.01854E+00    8.32179E+00    9.45697E+01
2.85500E-01    3.01854E+00    8.32179E+00    9.45697E+01
2.86500E-01    3.01854E+00    8.32179E+00    9.45697E+01
2.87500E-01    3.01854E+00    8.32179E+00    9.45697E+01
2.88500E-01    3.01854E+00    8.32179E+00    9.45697E+01
2.89500E-01    3.01854E+00    8.32179E+00    9.45697E+01
2.90500E-01    3.01854E+00    8.32179E+00    9.45697E+01
2.91500E-01    3.01854E+00    8.32179E+00    9.45697E+01
2.92500E-01    3.01854E+00    8.32179E+00    9.45697E+01
2.93500E-01    3.01854E+00    8.32179E+00    9.45697E+01
2.94500E-01    3.01854E+00    8.32179E+00    9.45697E+01
2.95500E-01    3.01854E+00    8.32179E+00    9.45697E+01
2.96500E-01    3.01854E+00    8.32179E+00    9.45697E+01
2.97500E-01    3.01854E+00    8.32179E+00    9.45697E+01
2.98500E-01    3.01854E+00    8.32179E+00    9.45697E+01
2.99500E-01    3.01854E+00    8.32179E+00    9.45697E+01
3.00500E-01    3.01854E+00    8.32179E+00    9.45697E+01
3.01500E-01    3.01854E+00    8.32179E+00    9.45697E+01
3.02500E-01    3.01854E+00    8.32179E+00    9.45697E+01
3.03500E-01    3.01854E+00    8.32179E+00    9.45697E+01
3.04500E-01    3.01854E+00    8.32179E+00    9.45697E+01
3.05500E-01    3.01854E+00    8.32179E+00    9.45697E+01
3.06500E-01    3.01854E+00    8.32179E+00    9.45697E+01
3.07500E-01    3.01854E+00    8.32179E+00    9.45697E+01
3.08500E-01    3.01854E+00    8.32179E+00    9.45697E+01
3.09500E-01    3.01854E+00    8.32179E+00    9.45697E+01
3.10500E-01    3.01854E+00    8.32179E+00    9.45697E+01
3.11500E-01    3.01854E+00    8.32179E+00    9.45697E+01
3.12500E-01    3.01854E+00    8.32179E+00    9.45697E+01
3.13500E-01    3.01854E+00    8.32179E+00    9.45697E+01
3.14500E-01    3.01854E+00    8.32179E+00    9.45697E+01
3.15500E-01    3.01854E+00    8.32179E+00    9.45697E+01
3.16500E-01    3.01854E+00    8.32179E+00    9.45697E+01
3.17500E-01    3.01854E+00    8.32179E+00    9.45697E+01
3.18500E-01    3.01854E+00    8.32179E+00    9.45697E+01
3.19500E-01    3.01854E+00    8.32179E+00    9.45697E+01
3.20500E-01    3.01854E+00    8.32179E+00    9.45697E+01
3.21500E-01    3.01854E+00    8.32179E+00    9.45697E+01
3.22500E-01    3.01854E+00    8.32179E+00    9.45697E+01
3.23500E-01    3.01854E+00    8.32179E+00    9.45697E+01
3.24500E-01    3.01854E+00    8.32179E+00    9.45697E+01
3.25500E-01    3.01854E+00    8.32179E+00    9.45697E+01
3.26500E-01    3.01854E+00    8.32179E+00    9.45697E+01
3.27500E-01    3.01854E+00    8.32179E+00    9.45697E+01
3.28500E-01    3.01854E+00    8.32179E+00    9.45697E+01
3.29500E-01    3.01854E+00    8.32179E+00    9.45697E+01
3.30500E-01    3.01854E+00    8.32179E+00    9.45697E+01
3.31500E-01    3.01854E+00    8.32179E+00    9.45697E+01
3.32500E-01    3.01854E+00    8.32179E+00    9.45697E+01
3.33500E-01    3.84782E+00    8.32179E+00    9.45697E+01
3.34500E-01    3.84782E+00    8.32179E+00    9.45697E+01
3.35500E-01    3.84782E+00    8.32179E+00    9.45697E+01
3.36500E-01    3.84782E+00    8.32179E+00    9.45697E+01
3.37500E-01    3.84782E+00    8.32179E+00    9.45697E+01
3.38500E-01    3.84782E+00    8.32179E+00    9.45697E+01
3.39500E-01    3.84782E+00    8.32179E+00    9.45697E+01
3.40500E-01    3.84782E+00    8.32179E+00    9.45697E+01
3.41500E-01    3.84782E+00    8.32179E+00    9.45697E+01
3.42500E-01    3.84782E+00    8.32179E+00    9.45697E+01
3.43500E-01    3.84782E+00    8.32179E+00    9.45697E+01
3.44500E-01    3.84782E+00    8.32179E+00    9.45697E+01
3.45500E-01    3.84782E+00    8.32179E+00    9.45697E+01
3.46500E-01    3.84782E+00    8.32179E+00    9.45697E+01
3.47500E-01    3.84782E+00    8.32179E+00    9.45697E+01
3.48500E-01    3.84782E+00    8.32179E+00    9.45697E+01
3.49500E-01    3.84782E+00    8.32179E+00    9.45697E+01
3.50500E-01    3.84782E+00    8.32179E+00    9.45697E+01
3.51500E-01    3.84782E+00    8.32179E+00    9.45697E+01
3.52500E-01    3.84782E+00    8.32179E+00    9.45697E+01
3.53500E-01    3.84782E+00    8.32179E+00    9.45697E+01
3.54500E-01    3.84782E+00    8.32179E+00    9.45697E+01
3.55500E-01    3.84782E+00    8.32179E+00    9.45697E+01
3.56500E-01    3.84782E+00    8.32179E+00    9.45697E+01
3.57500E-01    3.84782E+00    8.32179E+00    9.45697E+01
3.58500E-01    3.84782E+00    8.32179E+00    9.45697E+01
3.59500E-01    3.84782E+00    8.32179E+00    9.45697E+01
3.60500E-01    3.84782E+00    8.32179E+00    9.45697E+01
3.61500E-01    3.84782E+00    8.32179E+00    9.45697E+01
3.62500E-01    3.84782E+00    8.32179E+00    9.45697E+01
3.63500E-01    3.84782E+00    8.32179E+00    9.45697E+01
3.64500E-01    3.84782E+00    8.32179E+00    9.45697E+01
3.65500E-01    3.84782E+00    8.32179E+00    9.45697E+01
3.66500E-01    3.84782E+00    8.32179E+00    9.45697E+01
3.67500E-01    3.84782E+00    8.32179E+00    9.45697E+01
3.68500E-01    3.84782E+00    8.32179E+00    9.45697E+01
3.69500E-01    3.84782E+00    8.32179E+00    9.45697E+01
3.70500E-01    3.84782E+00    8.32179E+00    9.45697E+01
3.71500E-01    3.84782E+00    8.32179E+00    9.45697E+01
3.72500E-01    3.84782E+00    8.32179E+00    9.45697E+01
3.73500E-01    3.84782E+00    8.32179E+00    9.45697E+01
3.74500E-01    3.84782E+00    8.32179E+00    9.45697E+01
3.75500E-01    3.84782E+00    8.32179E+00    9.45697E+01
3.76500E-01    3.84782E+00    8.32179E+00    9.45697E+01
3.77500E-01    3.84782E+00    8.32179E+00    9.45697E+01
3.78500E-01    3.84782E+00    8.32179E+00    9.45697E+01
3.79500E-01    3.84782E+00    8.32179E+00    9.45697E+01
3.80500E-01    3.84782E+00    8.32179E+00    9.45697E+01
3.81500E-01    3.84782E+00    8.32179E+00    9.45697E+01
3.82500E-01    3.84782E+00    8.32179E+00    9.45697E+01
3.83500E-01    3.84782E+00    8.32179E+00    9.45697E+01
3.84500E-01    3.84782E+00    8.32179E+00    9.45697E+01
3.85500E-01    3.84782E+00    8.32179E+00    9.45697E+01
3.86500E-01    3.84782E+00    8.32179E+00    9.45697E+01
3.87500E-01    3.84782E+00    8.32179E+00    9.45697E+01
3.88500E-01    3.84782E+00    8.32179E+00    9.45697E+01
3.89500E-01    3.84782E+00    8.32179E+00    9.45697E+01
3.90500E-01    3.84782E+00    8.32179E+00    9.45697E+01
3.91500E-01    3.84782E+00    8.32179E+00    9.45697E+01
3.92500E-01    3.84782E+00    8.32179E+00    9.45697E+01
3.93500E-01    3.84782E+00    8.32179E+00    9.45697E+01
3.94500E-01    3.84782E+00    8.32179E+00    9.45697E+01
3.95500E-01    3.84782E+00    8.32179E+00    9.45697E+01
3.96500E-01    3.84782E+00    8.32179E+00    9.45697E+01
3.97500E-01    3.84782E+00    8.32179E+00    9.45697E+01
3.98500E-01    3.84782E+00    8.32179E+00    9.45697E+01
3.99500E-01    3.84782E+00    8.32179E+00    9.45697E+01
4.00500E-01    3.84782E+00    8.32179E+00    9.45697E+01
4.01500E-01    3.84782E+00    8.32179E+00    9.45697E+01
4.02500E-01    3.84782E+00    8.32179E+00    9.45697E+01
4.03500E-01    3.84782E+00    8.32179E+00    9.45697E+01
4.04500E-01    3.84782E+00    8.32179E+00    9.45697E+01
4.05500E-01    3.84782E+00    8.32179E+00    9.45697E+01
4.06500E-01    3.84782E+00    8.32179E+00    9.45697E+01
4.07500E-01    3.84782E+00    8.32179E+00    9.45697E+01
4.08500E-01    3.84782E+00    8.32179E+00    9.45697E+01
4.09500E-01    3.84782E+00    8.32179E+00    9.45697E+01
4.10500E-01    3.84782E+00    8.32179E+00    9.45697E+01
4.11500E-01    3.84782E+00    8.32179E+00    9.45697E+01
4.12500E-01    3.84782E+00    8.32179E+00    9.45697E+01
4.13500E-01    3.84782E+00    8.32179E+00    9.45697E+01
4.14500E-01    3.84782E+00    8.32179E+00    9.45697E+01
4.15500E-01    3.84782E+00    8.32179E+00    9.45697E+01
4.16500E-01    3.84782E+00    8.32179E+00    9.45697E+01
4.17500E-01    3.84782E+00    8.32179E+00    9.45697E+01
4.18500E-01    3.84782E+00    8.32179E+00    9.45697E+01
4.19500E-01    3.84782E+00    8.32179E+00    9.45697E+01
4.20500E-01    3.84782E+00    8.32179E+00    9.45697E+01
4.21500E-01    3.84782E+00    8.32179E+00    9.45697E+01
4.22500E-01    3.84782E+00    8.32179E+00    9.45697E+01
4.23500E-01    3.84782E+00    8.32179E+00    9.45697E+01
4.24500E-01    3.84782E+00    8.32179E+00    9.45697E+01
4.25500E-01    3.84782E+00    8.32179E+00    9.45697E+01
4.26500E-01    3.84782E+00    8.32179E+00    9.45697E+01
4.27500E-01    3.84782E+00    8.32179E+00    9.45697E+01
4.28500E-01    3.84782E+00    8.32179E+00    9.45697E+01
4.29500E-01    3.84782E+00    8.32179E+00    9.45697E+01
4.30500E-01    3.84782E+00    8.32179E+00    9.45697E+01
4.31500E-01    3.84782E+00    8.32179E+00    9.45697E+01
4.32500E-01    3.84782E+00    8.32179E+00    9.45697E+01
4.33500E-01    3.84782E+00    8.32179E+00    9.45697E+01
4.34500E-01    3.84782E+00    8.32179E+00    9.45697E+01
4.35500E-01    3.84782E+00    8.32179E+00    9.45697E+01
4.36500E-01    3.84782E+00    8.32179E+00    9.45697E+01
4.37500E-01    3.84782E+00    8.32179E+00    9.45697E+01
4.38500E-01    3.84782E+00    8.32179E+00    9.45697E+01
4.39500E-01    3.84782E+00    8.32179E+00    9.45697E+01
4.40500E-01    3.84782E+00    8.32179E+00    9.45697E+01
4.41500E-01    3.84782E+00    8.32179E+00    9.45697E+01
4.42500E-01    3.84782E+00    8.32179E+00    9.45697E+01
4.43500E-01    3.84782E+00    8.32179E+00    9.45697E+01
4.44500E-01    3.84782E+00    8.32179E+00    9.45697E+01
4.45500E-01    3.84782E+00    8.32179E+00    9.45697E+01
4.46500E-01    3.84782E+00    8.32179E+00    9.45697E+01
4.47500E-01    3.84782E+00    8.32179E+00    9.45697E+01
4.48500E-01    3.84782E+00    8.32179E+00    9.45697E+01
4.49500E-01    3.84782E+00    8.32179E+00    9.45697E+01
4.50500E-01    1.00000E+00    0.00000E+00    1.00000E+00
4.51500E-01    1.00000E+00    0.00000E+00    1.00000E+00
4.52500E-01    1.00000E+00    0.00000E+00    1.00000E+00
4.53500E-01    1.00000E+00    0.00000E+00    1.00000E+00
4.54500E-01    1.00000E+00    0.00000E+00    1.00000E+00
4.55500E-01    1.00000E+00    0.00000E+00    1.00000E+00
4.56500E-01    1.00000E+00    0.00000E+00    1.00000E+00
4.57500E-01    1.00000E+00    0.00000E+00    1.00000E+00
4.58500E-01    1.00000E+00    0.00000E+00    1.00000E+00
4.59500E-01    1.00000E+00    0.00000E+00    1.00000E+00
4.60500E-01    1.00000E+00    0.00000E+00    1.00000E+00
4.61500E-01    1.00000E+00    0.00000E+00    1.00000E+00
4.62500E-01    1.00000E+00    0.00000E+00    1.00000E+00
4.63500E-01    1.00000E+00    0.00000E+00    1.00000E+00
4.64500E-01    1.00000E+00    0.00000E+00    1.00000E+00
4.65500E-01    1.00000E+00    0.00000E+00    1.00000E+00
4.66500E-01    1.00000E+00    0.00000E+00    1.00000E+00
4.67500E-01    1.00000E+00    0.00000E+00    1.00000E+00
4.68500E-01    1.00000E+00    0.00000E+00    1.00000E+00
4.69500E-01    1.00000E+00    0.00000E+00    1.00000E+00
4.70500E-01    1.00000E+00    0.00000E+00    1.00000E+00
4.71500E-01    1.00000E+00    0.00000E+00    1.00000E+00
4.72500E-01    1.00000E+00    0.00000E+00    1.00000E+00
4.73500E-01    1.00000E+00    0.00000E+00    1.00000E+00
4.74500E-01    1.00000E+00    0.00000E+00    1.00000E+00
4.75500E-01    1.00000E+00    0.00000E+00    1.00000E+00
4.76500E-01    1.00000E+00    0.00000E+00    1.00000E+00
4.77500E-01    1.00000E+00    0.00000E+00    1.00000E+00
4.78500E-01    1.00000E+00    0.00000E+00    1.00000E+00
4.79500E-01    1.00000E+00    0.00000E+00    1.00000E+00
4.80500E-01    1.00000E+00    0.00000E+00    1.00000E+00
4.81500E-01    1.00000E+00    0.00000E+00    1.00000E+00
4.82500E-01    1.00000E+00    0.00000E+00    1.00000E+00
4.83500E-01    1.00000E+00    0.00000E+00    1.00000E+00
4.84500E-01    1.00000E+00    0.00000E+00    1.00000E+00
4.85500E-01    1.00000E+00    0.00000E+00    1.00000E+00
4.86500E-01    1.00000E+00    0.00000E+00    1.00000E+00
4.87500E-01    1.00000E+00    0.00000E+00    1.00000E+00
4.88500E-01    1.00000E+00    0.00000E+00    1.00000E+00
4.89500E-01    1.00000E+00    0.00000E+00    1.00000E+00
4.90500E-01    1.00000E+00    0.00000E+00    1.00000E+00
4.91500E-01    1.00000E+00    0.00000E+00    1.00000E+00
4.92500E-01    1.00000E+00    0.00000E+00    1.00000E+00
4.93500E-01    1.00000E+00    0.00000E+00    1.00000E+00
4.94500E-01    1.00000E+00    0.00000E+00    1.00000E+00
4.95500E-01    1.00000E+00    0.00000E+00    1.00000E+00
4.96500E-01    1.00000E+00    0.00000E+00    1.00000E+00
4.97500E-01    1.00000E+00    0.00000E+00    1.00000E+00
4.98500E-01    1.00000E+00    0.00000E+00    1.00000E+00
4.99500E-01    1.00000E+00    0.00000E+00    1.00000E+00
