           x            rho             ux             p
-4.99500E-01    1.00000E+00    0.00000E+00    1.00000E-02
-4.98500E-01    1.00000E+00    0.00000E+00    1.00000E-02
-4.97500E-01    1.00000E+00    0.00000E+00    1.00000E-02
-4.96500E-01    1.00000E+00    0.00000E+00    1.00000E-02
-4.95500E-01    1.00000E+00    0.00000E+00    1.00000E-02
-4.94500E-01    1.00000E+00    0.00000E+00    1.00000E-02
-4.93500E-01    1.00000E+00    0.00000E+00    1.00000E-02
-4.92500E-01    1.00000E+00    0.00000E+00    1.00000E-02
-4.91500E-01    1.00000E+00    0.00000E+00    1.00000E-02
-4.90500E-01    1.00000E+00    0.00000E+00    1.00000E-02
-4.89500E-01    1.00000E+00    0.00000E+00    1.00000E-02
-4.88500E-01    1.00000E+00    0.00000E+00    1.00000E-02
-4.87500E-01    1.00000E+00    0.00000E+00    1.00000E-02
-4.86500E-01    1.00000E+00    0.00000E+00    1.00000E-02
-4.85500E-01    1.00000E+00    0.00000E+00    1.00000E-02
-4.84500E-01    1.00000E+00    0.00000E+00    1.00000E-02
-4.83500E-01    1.00000E+00    0.00000E+00    1.00000E-02
-4.82500E-01    1.00000E+00    0.00000E+00    1.00000E-02
-4.81500E-01    1.00000E+00    0.00000E+00    1.00000E-02
-4.80500E-01    1.00000E+00    0.00000E+00    1.00000E-02
-4.79500E-01    1.00000E+00    0.00000E+00    1.00000E-02
-4.78500E-01    1.00000E+00    0.00000E+00    1.00000E-02
-4.77500E-01    1.00000E+00    0.00000E+00    1.00000E-02
-4.76500E-01    1.00000E+00    0.00000E+00    1.00000E-02
-4.75500E-01    1.00000E+00    0.00000E+00    1.00000E-02
-4.74500E-01    1.00000E+00    0.00000E+00    1.00000E-02
-4.73500E-01    1.00000E+00    0.00000E+00    1.00000E-02
-4.72500E-01    1.00000E+00    0.00000E+00    1.00000E-02
-4.71500E-01    1.00000E+00    0.00000E+00    1.00000E-02
-4.70500E-01    1.00000E+00    0.00000E+00    1.00000E-02
-4.69500E-01    1.00000E+00    0.00000E+00    1.00000E-02
-4.68500E-01    1.00000E+00    0.00000E+00    1.00000E-02
-4.67500E-01    1.00000E+00    0.00000E+00    1.00000E-02
-4.66500E-01    1.00000E+00    0.00000E+00    1.00000E-02
-4.65500E-01    1.00000E+00    0.00000E+00    1.00000E-02
-4.64500E-01    1.00000E+00    0.00000E+00    1.00000E-02
-4.63500E-01    1.00000E+00    0.00000E+00    1.00000E-02
-4.62500E-01    1.00000E+00    0.00000E+00    1.00000E-02
-4.61500E-01    1.00000E+00    0.00000E+00    1.00000E-02
-4.60500E-01    1.00000E+00    0.00000E+00    1.00000E-02
-4.59500E-01    1.00000E+00    0.00000E+00    1.00000E-02
-4.58500E-01    1.00000E+00    0.00000E+00    1.00000E-02
-4.57500E-01    1.00000E+00    0.00000E+00    1.00000E-02
-4.56500E-01    1.00000E+00    0.00000E+00    1.00000E-02
-4.55500E-01    1.00000E+00    0.00000E+00    1.00000E-02
-4.54500E-01    1.00000E+00    0.00000E+00    1.00000E-02
-4.53500E-01    1.00000E+00    0.00000E+00    1.00000E-02
-4.52500E-01    1.00000E+00    0.00000E+00    1.00000E-02
-4.51500E-01    1.00000E+00    0.00000E+00    1.00000E-02
-4.50500E-01    1.00000E+00    0.00000E+00    1.00000E-02
-4.49500E-01    1.00000E+00    0.00000E+00    1.00000E-02
-4.48500E-01    1.00000E+00    0.00000E+00    1.00000E-02
-4.47500E-01    1.00000E+00    0.00000E+00    1.00000E-02
-4.46500E-01    1.00000E+00    0.00000E+00    1.00000E-02
-4.45500E-01    1.00000E+00    0.00000E+00    1.00000E-02
-4.44500E-01    1.00000E+00    0.00000E+00    1.00000E-02
-4.43500E-01    1.00000E+00    0.00000E+00    1.00000E-02
-4.42500E-01    1.00000E+00    0.00000E+00    1.00000E-02
-4.41500E-01    1.00000E+00    0.00000E+00    1.00000E-02
-4.40500E-01    1.00000E+00    0.00000E+00    1.00000E-02
-4.39500E-01    1.00000E+00    0.00000E+00    1.00000E-02
-4.38500E-01    1.00000E+00    0.00000E+00    1.00000E-02
-4.37500E-01    1.00000E+00    0.00000E+00    1.00000E-02
-4.36500E-01    1.00000E+00    0.00000E+00    1.00000E-02
-4.35500E-01    1.00000E+00    0.00000E+00    1.00000E-02
-4.34500E-01    1.00000E+00    0.00000E+00    1.00000E-02
-4.33500E-01    1.00000E+00    0.00000E+00    1.00000E-02
-4.32500E-01    1.00000E+00    0.00000E+00    1.00000E-02
-4.31500E-01    1.00000E+00    0.00000E+00    1.00000E-02
-4.30500E-01    1.00000E+00    0.00000E+00    1.00000E-02
-4.29500E-01    1.00000E+00    0.00000E+00    1.00000E-02
-4.28500E-01    1.00000E+00    0.00000E+00    1.00000E-02
-4.27500E-01    1.00000E+00    0.00000E+00    1.00000E-02
-4.26500E-01    1.00000E+00    0.00000E+00    1.00000E-02
-4.25500E-01    1.00000E+00    0.00000E+00    1.00000E-02
-4.24500E-01    1.00000E+00    0.00000E+00    1.00000E-02
-4.23500E-01    1.00000E+00    0.00000E+00    1.00000E-02
-4.22500E-01    1.00000E+00    0.00000E+00    1.00000E-02
-4.21500E-01    1.00000E+00    0.00000E+00    1.00000E-02
-4.20500E-01    1.00000E+00    0.00000E+00    1.00000E-02
-4.19500E-01    1.00000E+00    0.00000E+00    1.00000E-02
-4.18500E-01    1.00000E+00    0.00000E+00    1.00000E-02
-4.17500E-01    1.00000E+00    0.00000E+00    1.00000E-02
-4.16500E-01    1.00000E+00    0.00000E+00    1.00000E-02
-4.15500E-01    1.00000E+00    0.00000E+00    1.00000E-02
-4.14500E-01    1.00000E+00    0.00000E+00    1.00000E-02
-4.13500E-01    1.00000E+00    0.00000E+00    1.00000E-02
-4.12500E-01    1.00000E+00    0.00000E+00    1.00000E-02
-4.11500E-01    1.00000E+00    0.00000E+00    1.00000E-02
-4.10500E-01    1.00000E+00    0.00000E+00    1.00000E-02
-4.09500E-01    1.00000E+00    0.00000E+00    1.00000E-02
-4.08500E-01    1.00000E+00    0.00000E+00    1.00000E-02
-4.07500E-01    1.00000E+00    0.00000E+00    1.00000E-02
-4.06500E-01    1.00000E+00    0.00000E+00    1.00000E-02
-4.05500E-01    1.00000E+00    0.00000E+00    1.00000E-02
-4.04500E-01    1.00000E+00    0.00000E+00    1.00000E-02
-4.03500E-01    1.00000E+00    0.00000E+00    1.00000E-02
-4.02500E-01    1.00000E+00    0.00000E+00    1.00000E-02
-4.01500E-01    1.00000E+00    0.00000E+00    1.00000E-02
-4.00500E-01    1.00000E+00    0.00000E+00    1.00000E-02
-3.99500E-01    1.00000E+00    0.00000E+00    1.00000E-02
-3.98500E-01    1.00000E+00    0.00000E+00    1.00000E-02
-3.97500E-01    1.00000E+00    0.00000E+00    1.00000E-02
-3.96500E-01    1.00000E+00    0.00000E+00    1.00000E-02
-3.95500E-01    1.00000E+00    0.00000E+00    1.00000E-02
-3.94500E-01    1.00000E+00    0.00000E+00    1.00000E-02
-3.93500E-01    1.00000E+00    0.00000E+00    1.00000E-02
-3.92500E-01    1.00000E+00    0.00000E+00    1.00000E-02
-3.91500E-01    1.00000E+00    0.00000E+00    1.00000E-02
-3.90500E-01    1.00000E+00    0.00000E+00    1.00000E-02
-3.89500E-01    1.00000E+00    0.00000E+00    1.00000E-02
-3.88500E-01    1.00000E+00    0.00000E+00    1.00000E-02
-3.87500E-01    1.00000E+00    0.00000E+00    1.00000E-02
-3.86500E-01    1.00000E+00    0.00000E+00    1.00000E-02
-3.85500E-01    1.00000E+00    0.00000E+00    1.00000E-02
-3.84500E-01    1.00000E+00    0.00000E+00    1.00000E-02
-3.83500E-01    1.00000E+00    0.00000E+00    1.00000E-02
-3.82500E-01    1.00000E+00    0.00000E+00    1.00000E-02
-3.81500E-01    1.00000E+00    0.00000E+00    1.00000E-02
-3.80500E-01    1.00000E+00    0.00000E+00    1.00000E-02
-3.79500E-01    1.00000E+00    0.00000E+00    1.00000E-02
-3.78500E-01    1.00000E+00    0.00000E+00    1.00000E-02
-3.77500E-01    1.00000E+00    0.00000E+00    1.00000E-02
-3.76500E-01    1.00000E+00    0.00000E+00    1.00000E-02
-3.75500E-01    1.00000E+00    0.00000E+00    1.00000E-02
-3.74500E-01    1.00000E+00    0.00000E+00    1.00000E-02
-3.73500E-01    1.00000E+00    0.00000E+00    1.00000E-02
-3.72500E-01    1.00000E+00    0.00000E+00    1.00000E-02
-3.71500E-01    1.00000E+00    0.00000E+00    1.00000E-02
-3.70500E-01    1.00000E+00    0.00000E+00    1.00000E-02
-3.69500E-01    1.00000E+00    0.00000E+00    1.00000E-02
-3.68500E-01    1.00000E+00    0.00000E+00    1.00000E-02
-3.67500E-01    1.00000E+00    0.00000E+00    1.00000E-02
-3.66500E-01    1.00000E+00    0.00000E+00    1.00000E-02
-3.65500E-01    1.00000E+00    0.00000E+00    1.00000E-02
-3.64500E-01    1.00000E+00    0.00000E+00    1.00000E-02
-3.63500E-01    1.00000E+00    0.00000E+00    1.00000E-02
-3.62500E-01    1.00000E+00    0.00000E+00    1.00000E-02
-3.61500E-01    1.00000E+00    0.00000E+00    1.00000E-02
-3.60500E-01    1.00000E+00    0.00000E+00    1.00000E-02
-3.59500E-01    1.00000E+00    0.00000E+00    1.00000E-02
-3.58500E-01    1.00000E+00    0.00000E+00    1.00000E-02
-3.57500E-01    1.00000E+00    0.00000E+00    1.00000E-02
-3.56500E-01    1.00000E+00    0.00000E+00    1.00000E-02
-3.55500E-01    1.00000E+00    0.00000E+00    1.00000E-02
-3.54500E-01    1.00000E+00    0.00000E+00    1.00000E-02
-3.53500E-01    1.00000E+00    0.00000E+00    1.00000E-02
-3.52500E-01    1.00000E+00    0.00000E+00    1.00000E-02
-3.51500E-01    1.00000E+00    0.00000E+00    1.00000E-02
-3.50500E-01    1.00000E+00    0.00000E+00    1.00000E-02
-3.49500E-01    1.00000E+00    0.00000E+00    1.00000E-02
-3.48500E-01    1.00000E+00    0.00000E+00    1.00000E-02
-3.47500E-01    1.00000E+00    0.00000E+00    1.00000E-02
-3.46500E-01    1.00000E+00    0.00000E+00    1.00000E-02
-3.45500E-01    1.00000E+00    0.00000E+00    1.00000E-02
-3.44500E-01    1.00000E+00    0.00000E+00    1.00000E-02
-3.43500E-01    1.00000E+00    0.00000E+00    1.00000E-02
-3.42500E-01    1.00000E+00    0.00000E+00    1.00000E-02
-3.41500E-01    1.00000E+00    0.00000E+00    1.00000E-02
-3.40500E-01    1.00000E+00    0.00000E+00    1.00000E-02
-3.39500E-01    1.00000E+00    0.00000E+00    1.00000E-02
-3.38500E-01    1.00000E+00    0.00000E+00    1.00000E-02
-3.37500E-01    1.00000E+00    0.00000E+00    1.00000E-02
-3.36500E-01    1.00000E+00    0.00000E+00    1.00000E-02
-3.35500E-01    1.00000E+00    0.00000E+00    1.00000E-02
-3.34500E-01    1.00000E+00    0.00000E+00    1.00000E-02
-3.33500E-01    1.00000E+00    0.00000E+00    1.00000E-02
-3.32500E-01    1.00000E+00    0.00000E+00    1.00000E-02
-3.31500E-01    1.00000E+00    0.00000E+00    1.00000E-02
-3.30500E-01    1.00000E+00    0.00000E+00    1.00000E-02
-3.29500E-01    1.00000E+00    0.00000E+00    1.00000E-02
-3.28500E-01    1.00000E+00    0.00000E+00    1.00000E-02
-3.27500E-01    1.00000E+00    0.00000E+00    1.00000E-02
-3.26500E-01    1.00000E+00    0.00000E+00    1.00000E-02
-3.25500E-01    1.00000E+00    0.00000E+00    1.00000E-02
-3.24500E-01    1.00000E+00    0.00000E+00    1.00000E-02
-3.23500E-01    1.00000E+00    0.00000E+00    1.00000E-02
-3.22500E-01    1.00000E+00    0.00000E+00    1.00000E-02
-3.21500E-01    1.00000E+00    0.00000E+00    1.00000E-02
-3.20500E-01    1.00000E+00    0.00000E+00    1.00000E-02
-3.19500E-01    1.00000E+00    0.00000E+00    1.00000E-02
-3.18500E-01    1.00000E+00    0.00000E+00    1.00000E-02
-3.17500E-01    1.00000E+00    0.00000E+00    1.00000E-02
-3.16500E-01    1.00000E+00    0.00000E+00    1.00000E-02
-3.15500E-01    1.00000E+00    0.00000E+00    1.00000E-02
-3.14500E-01    1.00000E+00    0.00000E+00    1.00000E-02
-3.13500E-01    1.00000E+00    0.00000E+00    1.00000E-02
-3.12500E-01    1.00000E+00    0.00000E+00    1.00000E-02
-3.11500E-01    1.00000E+00    0.00000E+00    1.00000E-02
-3.10500E-01    1.00000E+00    0.00000E+00    1.00000E-02
-3.09500E-01    1.00000E+00    0.00000E+00    1.00000E-02
-3.08500E-01    1.00000E+00    0.00000E+00    1.00000E-02
-3.07500E-01    1.00000E+00    0.00000E+00    1.00000E-02
-3.06500E-01    1.00000E+00    0.00000E+00    1.00000E-02
-3.05500E-01    1.00000E+00    0.00000E+00    1.00000E-02
-3.04500E-01    1.00000E+00    0.00000E+00    1.00000E-02
-3.03500E-01    1.00000E+00    0.00000E+00    1.00000E-02
-3.02500E-01    1.00000E+00    0.00000E+00    1.00000E-02
-3.01500E-01    1.00000E+00    0.00000E+00    1.00000E-02
-3.00500E-01    1.00000E+00    0.00000E+00    1.00000E-02
-2.99500E-01    1.00000E+00    0.00000E+00    1.00000E-02
-2.98500E-01    1.00000E+00    0.00000E+00    1.00000E-02
-2.97500E-01    1.00000E+00    0.00000E+00    1.00000E-02
-2.96500E-01    1.00000E+00    0.00000E+00    1.00000E-02
-2.95500E-01    1.00000E+00    0.00000E+00    1.00000E-02
-2.94500E-01    1.00000E+00    0.00000E+00    1.00000E-02
-2.93500E-01    1.00000E+00    0.00000E+00    1.00000E-02
-2.92500E-01    1.00000E+00    0.00000E+00    1.00000E-02
-2.91500E-01    1.00000E+00    0.00000E+00    1.00000E-02
-2.90500E-01    1.00000E+00    0.00000E+00    1.00000E-02
-2.89500E-01    1.00000E+00    0.00000E+00    1.00000E-02
-2.88500E-01    1.00000E+00    0.00000E+00    1.00000E-02
-2.87500E-01    1.00000E+00    0.00000E+00    1.00000E-02
-2.86500E-01    1.00000E+00    0.00000E+00    1.00000E-02
-2.85500E-01    1.00000E+00    0.00000E+00    1.00000E-02
-2.84500E-01    1.00000E+00    0.00000E+00    1.00000E-02
-2.83500E-01    1.00000E+00    0.00000E+00    1.00000E-02
-2.82500E-01    1.00000E+00    0.00000E+00    1.00000E-02
-2.81500E-01    1.00000E+00    0.00000E+00    1.00000E-02
-2.80500E-01    1.00000E+00    0.00000E+00    1.00000E-02
-2.79500E-01    1.00000E+00    0.00000E+00    1.00000E-02
-2.78500E-01    1.00000E+00    0.00000E+00    1.00000E-02
-2.77500E-01    1.00000E+00    0.00000E+00    1.00000E-02
-2.76500E-01    1.00000E+00    0.00000E+00    1.00000E-02
-2.75500E-01    1.00000E+00    0.00000E+00    1.00000E-02
-2.74500E-01    1.00000E+00    0.00000E+00    1.00000E-02
-2.73500E-01    1.00000E+00    0.00000E+00    1.00000E-02
-2.72500E-01    1.00000E+00    0.00000E+00    1.00000E-02
-2.71500E-01    1.00000E+00    0.00000E+00    1.00000E-02
-2.70500E-01    1.00000E+00    0.00000E+00    1.00000E-02
-2.69500E-01    1.00000E+00    0.00000E+00    1.00000E-02
-2.68500E-01    1.00000E+00    0.00000E+00    1.00000E-02
-2.67500E-01    1.00000E+00    0.00000E+00    1.00000E-02
-2.66500E-01    1.00000E+00    0.00000E+00    1.00000E-02
-2.65500E-01    1.00000E+00    0.00000E+00    1.00000E-02
-2.64500E-01    1.00000E+00    0.00000E+00    1.00000E-02
-2.63500E-01    1.00000E+00    0.00000E+00    1.00000E-02
-2.62500E-01    1.00000E+00    0.00000E+00    1.00000E-02
-2.61500E-01    1.00000E+00    0.00000E+00    1.00000E-02
-2.60500E-01    1.00000E+00    0.00000E+00    1.00000E-02
-2.59500E-01    5.99242E+00   -6.19633E+00    4.60950E+01
-2.58500E-01    5.99242E+00   -6.19633E+00    4.60950E+01
-2.57500E-01    5.99242E+00   -6.19633E+00    4.60950E+01
-2.56500E-01    5.99242E+00   -6.19633E+00    4.60950E+01
-2.55500E-01    5.99242E+00   -6.19633E+00    4.60950E+01
-2.54500E-01    5.99242E+00   -6.19633E+00    4.60950E+01
-2.53500E-01    5.99242E+00   -6.19633E+00    4.60950E+01
-2.52500E-01    5.99242E+00   -6.19633E+00    4.60950E+01
-2.51500E-01    5.99242E+00   -6.19633E+00    4.60950E+01
-2.50500E-01    5.99242E+00   -6.19633E+00    4.60950E+01
-2.49500E-01    5.99242E+00   -6.19633E+00    4.60950E+01
-2.48500E-01    5.99242E+00   -6.19633E+00    4.60950E+01
-2.47500E-01    5.99242E+00   -6.19633E+00    4.60950E+01
-2.46500E-01    5.99242E+00   -6.19633E+00    4.60950E+01
-2.45500E-01    5.99242E+00   -6.19633E+00    4.60950E+01
-2.44500E-01    5.99242E+00   -6.19633E+00    4.60950E+01
-2.43500E-01    5.99242E+00   -6.19633E+00    4.60950E+01
-2.42500E-01    5.99242E+00   -6.19633E+00    4.60950E+01
-2.41500E-01    5.99242E+00   -6.19633E+00    4.60950E+01
-2.40500E-01    5.99242E+00   -6.19633E+00    4.60950E+01
-2.39500E-01    5.99242E+00   -6.19633E+00    4.60950E+01
-2.38500E-01    5.99242E+00   -6.19633E+00    4.60950E+01
-2.37500E-01    5.99242E+00   -6.19633E+00    4.60950E+01
-2.36500E-01    5.99242E+00   -6.19633E+00    4.60950E+01
-2.35500E-01    5.99242E+00   -6.19633E+00    4.60950E+01
-2.34500E-01    5.99242E+00   -6.19633E+00    4.60950E+01
-2.33500E-01    5.99242E+00   -6.19633E+00    4.60950E+01
-2.32500E-01    5.99242E+00   -6.19633E+00    4.60950E+01
-2.31500E-01    5.99242E+00   -6.19633E+00    4.60950E+01
-2.30500E-01    5.99242E+00   -6.19633E+00    4.60950E+01
-2.29500E-01    5.99242E+00   -6.19633E+00    4.60950E+01
-2.28500E-01    5.99242E+00   -6.19633E+00    4.60950E+01
-2.27500E-01    5.99242E+00   -6.19633E+00    4.60950E+01
-2.26500E-01    5.99242E+00   -6.19633E+00    4.60950E+01
-2.25500E-01    5.99242E+00   -6.19633E+00    4.60950E+01
-2.24500E-01    5.99242E+00   -6.19633E+00    4.60950E+01
-2.23500E-01    5.99242E+00   -6.19633E+00    4.60950E+01
-2.22500E-01    5.99242E+00   -6.19633E+00    4.60950E+01
-2.21500E-01    5.99242E+00   -6.19633E+00    4.60950E+01
-2.20500E-01    5.99242E+00   -6.19633E+00    4.60950E+01
-2.19500E-01    5.99242E+00   -6.19633E+00    4.60950E+01
-2.18500E-01    5.99242E+00   -6.19633E+00    4.60950E+01
-2.17500E-01    5.99242E+00   -6.19633E+00    4.60950E+01
-2.16500E-01    5.75113E-01   -6.19633E+00    4.60950E+01
-2.15500E-01    5.75113E-01   -6.19633E+00    4.60950E+01
-2.14500E-01    5.75113E-01   -6.19633E+00    4.60950E+01
-2.13500E-01    5.75113E-01   -6.19633E+00    4.60950E+01
-2.12500E-01    5.75113E-01   -6.19633E+00    4.60950E+01
-2.11500E-01    5.75113E-01   -6.19633E+00    4.60950E+01
-2.10500E-01    5.75113E-01   -6.19633E+00    4.60950E+01
-2.09500E-01    5.75113E-01   -6.19633E+00    4.60950E+01
-2.08500E-01    5.75113E-01   -6.19633E+00    4.60950E+01
-2.07500E-01    5.75113E-01   -6.19633E+00    4.60950E+01
-2.06500E-01    5.75113E-01   -6.19633E+00    4.60950E+01
-2.05500E-01    5.75113E-01   -6.19633E+00    4.60950E+01
-2.04500E-01    5.75113E-01   -6.19633E+00    4.60950E+01
-2.03500E-01    5.75113E-01   -6.19633E+00    4.60950E+01
-2.02500E-01    5.75113E-01   -6.19633E+00    4.60950E+01
-2.01500E-01    5.75113E-01   -6.19633E+00    4.60950E+01
-2.00500E-01    5.75113E-01   -6.19633E+00    4.60950E+01
-1.99500E-01    5.75113E-01   -6.19633E+00    4.60950E+01
-1.98500E-01    5.75113E-01   -6.19633E+00    4.60950E+01
-1.97500E-01    5.75113E-01   -6.19633E+00    4.60950E+01
-1.96500E-01    5.75113E-01   -6.19633E+00    4.60950E+01
-1.95500E-01    5.75113E-01   -6.19633E+00    4.60950E+01
-1.94500E-01    5.75113E-01   -6.19633E+00    4.60950E+01
-1.93500E-01    5.75113E-01   -6.19633E+00    4.60950E+01
-1.92500E-01    5.75113E-01   -6.19633E+00    4.60950E+01
-1.91500E-01    5.75113E-01   -6.19633E+00    4.60950E+01
-1.90500E-01    5.75113E-01   -6.19633E+00    4.60950E+01
-1.89500E-01    5.75113E-01   -6.19633E+00    4.60950E+01
-1.88500E-01    5.75113E-01   -6.19633E+00    4.60950E+01
-1.87500E-01    5.75113E-01   -6.19633E+00    4.60950E+01
-1.86500E-01    5.75113E-01   -6.19633E+00    4.60950E+01
-1.85500E-01    5.75113E-01   -6.19633E+00    4.60950E+01
-1.84500E-01    5.75113E-01   -6.19633E+00    4.60950E+01
-1.83500E-01    5.75113E-01   -6.19633E+00    4.60950E+01
-1.82500E-01    5.75113E-01   -6.19633E+00    4.60950E+01
-1.81500E-01    5.75113E-01   -6.19633E+00    4.60950E+01
-1.80500E-01    5.75113E-01   -6.19633E+00    4.60950E+01
-1.79500E-01    5.75113E-01   -6.19633E+00    4.60950E+01
-1.78500E-01    5.75113E-01   -6.19633E+00    4.60950E+01
-1.77500E-01    5.75113E-01   -6.19633E+00    4.60950E+01
-1.76500E-01    5.75113E-01   -6.19633E+00    4.60950E+01
-1.75500E-01    5.75113E-01   -6.19633E+00    4.60950E+01
-1.74500E-01    5.75113E-01   -6.19633E+00    4.60950E+01
-1.73500E-01    5.75113E-01   -6.19633E+00    4.60950E+01
-1.72500E-01    5.75113E-01   -6.19633E+00    4.60950E+01
-1.71500E-01    5.75113E-01   -6.19633E+00    4.60950E+01
-1.70500E-01    5.75113E-01   -6.19633E+00    4.60950E+01
-1.69500E-01    5.75113E-01   -6.19633E+00    4.60950E+01
-1.68500E-01    5.75113E-01   -6.19633E+00    4.60950E+01
-1.67500E-01    5.75113E-01   -6.19633E+00    4.60950E+01
-1.66500E-01    5.75113E-01   -6.19633E+00    4.60950E+01
-1.65500E-01    5.75113E-01   -6.19633E+00    4.60950E+01
-1.64500E-01    5.75113E-01   -6.19633E+00    4.60950E+01
-1.63500E-01    5.75113E-01   -6.19633E+00    4.60950E+01
-1.62500E-01    5.75113E-01   -6.19633E+00    4.60950E+01
-1.61500E-01    5.75113E-01   -6.19633E+00    4.60950E+01
-1.60500E-01    5.75113E-01   -6.19633E+00    4.60950E+01
-1.59500E-01    5.75113E-01   -6.19633E+00    4.60950E+01
-1.58500E-01    5.75113E-01   -6.19633E+00    4.60950E+01
-1.57500E-01    5.75113E-01   -6.19633E+00    4.60950E+01
-1.56500E-01    5.75113E-01   -6.19633E+00    4.60950E+01
-1.55500E-01    5.75113E-01   -6.19633E+00    4.60950E+01
-1.54500E-01    5.75113E-01   -6.19633E+00    4.60950E+01
-1.53500E-01    5.75113E-01   -6.19633E+00    4.60950E+01
-1.52500E-01    5.75113E-01   -6.19633E+00    4.60950E+01
-1.51500E-01    5.75113E-01   -6.19633E+00    4.60950E+01
-1.50500E-01    5.75113E-01   -6.19633E+00    4.60950E+01
-1.49500E-01    5.75113E-01   -6.19633E+00    4.60950E+01
-1.48500E-01    5.75113E-01   -6.19633E+00    4.60950E+01
-1.47500E-01    5.75113E-01   -6.19633E+00    4.60950E+01
-1.46500E-01    5.75113E-01   -6.19633E+00    4.60950E+01
-1.45500E-01    5.75113E-01   -6.19633E+00    4.60950E+01
-1.44500E-01    5.75113E-01   -6.19633E+00    4.60950E+01
-1.43500E-01    5.75113E-01   -6.19633E+00    4.60950E+01
-1.42500E-01    5.75113E-01   -6.19633E+00    4.60950E+01
-1.41500E-01    5.75113E-01   -6.19633E+00    4.60950E+01
-1.40500E-01    5.75113E-01   -6.19633E+00    4.60950E+01
-1.39500E-01    5.75113E-01   -6.19633E+00    4.60950E+01
-1.38500E-01    5.75113E-01   -6.19633E+00    4.60950E+01
-1.37500E-01    5.75113E-01   -6.19633E+00    4.60950E+01
-1.36500E-01    5.75113E-01   -6.19633E+00    4.60950E+01
-1.35500E-01    5.75113E-01   -6.19633E+00    4.60950E+01
-1.34500E-01    5.75113E-01   -6.19633E+00    4.60950E+01
-1.33500E-01    5.75113E-01   -6.19633E+00    4.60950E+01
-1.32500E-01    5.75113E-01   -6.19633E+00    4.60950E+01
-1.31500E-01    5.75113E-01   -6.19633E+00    4.60950E+01
-1.30500E-01    5.75113E-01   -6.19633E+00    4.60950E+01
-1.29500E-01    5.75113E-01   -6.19633E+00    4.60950E+01
-1.28500E-01    5.75113E-01   -6.19633E+00    4.60950E+01
-1.27500E-01    5.75113E-01   -6.19633E+00    4.60950E+01
-1.26500E-01    5.75113E-01   -6.19633E+00    4.60950E+01
-1.25500E-01    5.75113E-01   -6.19633E+00    4.60950E+01
-1.24500E-01    5.75113E-01   -6.19633E+00    4.60950E+01
-1.23500E-01    5.75113E-01   -6.19633E+00    4.60950E+01
-1.22500E-01    5.75113E-01   -6.19633E+00    4.60950E+01
-1.21500E-01    5.75113E-01   -6.19633E+00    4.60950E+01
-1.20500E-01    5.75113E-01   -6.19633E+00    4.60950E+01
-1.19500E-01    5.75113E-01   -6.19633E+00    4.60950E+01
-1.18500E-01    5.75113E-01   -6.19633E+00    4.60950E+01
-1.17500E-01    5.75113E-01   -6.19633E+00    4.60950E+01
-1.16500E-01    5.75113E-01   -6.19633E+00    4.60950E+01
-1.15500E-01    5.75113E-01   -6.19633E+00    4.60950E+01
-1.14500E-01    5.75113E-01   -6.19633E+00    4.60950E+01
-1.13500E-01    5.75113E-01   -6.19633E+00    4.60950E+01
-1.12500E-01    5.75113E-01   -6.19633E+00    4.60950E+01
-1.11500E-01    5.75113E-01   -6.19633E+00    4.60950E+01
-1.10500E-01    5.75113E-01   -6.19633E+00    4.60950E+01
-1.09500E-01    5.75113E-01   -6.19633E+00    4.60950E+01
-1.08500E-01    5.75113E-01   -6.19633E+00    4.60950E+01
-1.07500E-01    5.75113E-01   -6.19633E+00    4.60950E+01
-1.06500E-01    5.75113E-01   -6.19633E+00    4.60950E+01
-1.05500E-01    5.75113E-01   -6.19633E+00    4.60950E+01
-1.04500E-01    5.75113E-01   -6.19633E+00    4.60950E+01
-1.03500E-01    5.75113E-01   -6.19633E+00    4.60950E+01
-1.02500E-01    5.75113E-01   -6.19633E+00    4.60950E+01
-1.01500E-01    5.75113E-01   -6.19633E+00    4.60950E+01
-1.00500E-01    5.75113E-01   -6.19633E+00    4.60950E+01
-9.95000E-02    5.75113E-01   -6.19633E+00    4.60950E+01
-9.85000E-02    5.75113E-01   -6.19633E+00    4.60950E+01
-9.75000E-02    5.75113E-01   -6.19633E+00    4.60950E+01
-9.65000E-02    5.75113E-01   -6.19633E+00    4.60950E+01
-9.55000E-02    5.75113E-01   -6.19633E+00    4.60950E+01
-9.45000E-02    5.75113E-01   -6.19633E+00    4.60950E+01
-9.35000E-02    5.75113E-01   -6.19633E+00    4.60950E+01
-9.25000E-02    5.75113E-01   -6.19633E+00    4.60950E+01
-9.15000E-02    5.75113E-01   -6.19633E+00    4.60950E+01
-9.05000E-02    5.75113E-01   -6.19633E+00    4.60950E+01
-8.95000E-02    5.75113E-01   -6.19633E+00    4.60950E+01
-8.85000E-02    5.75113E-01   -6.19633E+00    4.60950E+01
-8.75000E-02    5.75113E-01   -6.19633E+00    4.60950E+01
-8.65000E-02    5.75113E-01   -6.19633E+00    4.60950E+01
-8.55000E-02    5.75113E-01   -6.19633E+00    4.60950E+01
-8.45000E-02    5.75113E-01   -6.19633E+00    4.60950E+01
-8.35000E-02    5.75113E-01   -6.19633E+00    4.60950E+01
-8.25000E-02    5.75113E-01   -6.19633E+00    4.60950E+01
-8.15000E-02    5.75113E-01   -6.19633E+00    4.60950E+01
-8.05000E-02    5.75113E-01   -6.19633E+00    4.60950E+01
-7.95000E-02    5.75113E-01   -6.19633E+00    4.60950E+01
-7.85000E-02    5.75113E-01   -6.19633E+00    4.60950E+01
-7.75000E-02    5.75113E-01   -6.19633E+00    4.60950E+01
-7.65000E-02    5.75113E-01   -6.19633E+00    4.60950E+01
-7.55000E-02    5.75113E-01   -6.19633E+00    4.60950E+01
-7.45000E-02    5.75113E-01   -6.19633E+00    4.60950E+01
-7.35000E-02    5.75113E-01   -6.19633E+00    4.60950E+01
-7.25000E-02    5.75113E-01   -6.19633E+00    4.60950E+01
-7.15000E-02    5.75113E-01   -6.19633E+00    4.60950E+01
-7.05000E-02    5.75113E-01   -6.19633E+00    4.60950E+01
-6.95000E-02    5.75113E-01   -6.19633E+00    4.60950E+01
-6.85000E-02    5.75113E-01   -6.19633E+00    4.60950E+01
-6.75000E-02    5.75113E-01   -6.19633E+00    4.60950E+01
-6.65000E-02    5.75113E-01   -6.19633E+00    4.60950E+01
-6.55000E-02    5.75113E-01   -6.19633E+00    4.60950E+01
-6.45000E-02    5.75113E-01   -6.19633E+00    4.60950E+01
-6.35000E-02    5.75113E-01   -6.19633E+00    4.60950E+01
-6.25000E-02    5.75113E-01   -6.19633E+00    4.60950E+01
-6.15000E-02    5.75113E-01   -6.19633E+00    4.60950E+01
-6.05000E-02    5.75113E-01   -6.19633E+00    4.60950E+01
-5.95000E-02    5.75113E-01   -6.19633E+00    4.60950E+01
-5.85000E-02    5.75113E-01   -6.19633E+00    4.60950E+01
-5.75000E-02    5.75113E-01   -6.19633E+00    4.60950E+01
-5.65000E-02    5.75113E-01   -6.19633E+00    4.60950E+01
-5.55000E-02    5.75113E-01   -6.19633E+00    4.60950E+01
-5.45000E-02    5.75113E-01   -6.19633E+00    4.60950E+01
-5.35000E-02    5.75113E-01   -6.19633E+00    4.60950E+01
-5.25000E-02    5.75113E-01   -6.19633E+00    4.60950E+01
-5.15000E-02    5.75113E-01   -6.19633E+00    4.60950E+01
-5.05000E-02    5.75113E-01   -6.19633E+00    4.60950E+01
-4.95000E-02    5.75113E-01   -6.19633E+00    4.60950E+01
-4.85000E-02    5.75113E-01   -6.19633E+00    4.60950E+01
-4.75000E-02    5.75113E-01   -6.19633E+00    4.60950E+01
-4.65000E-02    5.75113E-01   -6.19633E+00    4.60950E+01
-4.55000E-02    5.75113E-01   -6.19633E+00    4.60950E+01
-4.45000E-02    5.75113E-01   -6.19633E+00    4.60950E+01
-4.35000E-02    5.75113E-01   -6.19633E+00    4.60950E+01
-4.25000E-02    5.75113E-01   -6.19633E+00    4.60950E+01
-4.15000E-02    5.75113E-01   -6.19633E+00    4.60950E+01
-4.05000E-02    5.75113E-01   -6.19633E+00    4.60950E+01
-3.95000E-02    5.75113E-01   -6.19633E+00    4.60950E+01
-3.85000E-02    5.75113E-01   -6.19633E+00    4.60950E+01
-3.75000E-02    5.75113E-01   -6.19633E+00    4.60950E+01
-3.65000E-02    5.75113E-01   -6.19633E+00    4.60950E+01
-3.55000E-02    5.75113E-01   -6.19633E+00    4.60950E+01
-3.45000E-02    5.75113E-01   -6.19633E+00    4.60950E+01
-3.35000E-02    5.75113E-01   -6.19633E+00    4.60950E+01
-3.25000E-02    5.75113E-01   -6.19633E+00    4.60950E+01
-3.15000E-02    5.75113E-01   -6.19633E+00    4.60950E+01
-3.05000E-02    5.75113E-01   -6.19633E+00    4.60950E+01
-2.95000E-02    5.75113E-01   -6.19633E+00    4.60950E+01
-2.85000E-02    5.75113E-01   -6.19633E+00    4.60950E+01
-2.75000E-02    5.75113E-01   -6.19633E+00    4.60950E+01
-2.65000E-02    5.75113E-01   -6.19633E+00    4.60950E+01
-2.55000E-02    5.75113E-01   -6.19633E+00    4.60950E+01
-2.45000E-02    5.75113E-01   -6.19633E+00    4.60950E+01
-2.35000E-02    5.75113E-01   -6.19633E+00    4.60950E+01
-2.25000E-02    5.75113E-01   -6.19633E+00    4.60950E+01
-2.15000E-02    5.75113E-01   -6.19633E+00    4.60950E+01
-2.05000E-02    5.75113E-01   -6.19633E+00    4.60950E+01
-1.95000E-02    5.75113E-01   -6.19633E+00    4.60950E+01
-1.85000E-02    5.75113E-01   -6.19633E+00    4.60950E+01
-1.75000E-02    5.75113E-01   -6.19633E+00    4.60950E+01
-1.65000E-02    5.75113E-01   -6.19633E+00    4.60950E+01
-1.55000E-02    5.75113E-01   -6.19633E+00    4.60950E+01
-1.45000E-02    5.75113E-01   -6.19633E+00    4.60950E+01
-1.35000E-02    5.75113E-01   -6.19633E+00    4.60950E+01
-1.25000E-02    5.75113E-01   -6.19633E+00    4.60950E+01
-1.15000E-02    5.75113E-01   -6.19633E+00    4.60950E+01
-1.05000E-02    5.75113E-01   -6.19633E+00    4.60950E+01
-9.50000E-03    5.75113E-01   -6.19633E+00    4.60950E+01
-8.50000E-03    5.75113E-01   -6.19633E+00    4.60950E+01
-7.50000E-03    5.75113E-01   -6.19633E+00    4.60950E+01
-6.50000E-03    5.75113E-01   -6.19633E+00    4.60950E+01
-5.50000E-03    5.75113E-01   -6.19633E+00    4.60950E+01
-4.50000E-03    5.75113E-01   -6.19633E+00    4.60950E+01
-3.50000E-03    5.75113E-01   -6.19633E+00    4.60950E+01
-2.50000E-03    5.75113E-01   -6.19633E+00    4.60950E+01
-1.50000E-03    5.75113E-01   -6.19633E+00    4.60950E+01
-5.00000E-04    5.75113E-01   -6.19633E+00    4.60950E+01
 5.00000E-04    5.75113E-01   -6.19633E+00    4.60950E+01
 1.50000E-03    5.75113E-01   -6.19633E+00    4.60950E+01
 2.50000E-03    5.75113E-01   -6.19633E+00    4.60950E+01
 3.50000E-03    5.75113E-01   -6.19633E+00    4.60950E+01
 4.50000E-03    5.75113E-01   -6.19633E+00    4.60950E+01
 5.50000E-03    5.75113E-01   -6.19633E+00    4.60950E+01
 6.50000E-03    5.75113E-01   -6.19633E+00    4.60950E+01
 7.50000E-03    5.75113E-01   -6.19633E+00    4.60950E+01
 8.50000E-03    5.75113E-01   -6.19633E+00    4.60950E+01
 9.50000E-03    5.75113E-01   -6.19633E+00    4.60950E+01
 1.05000E-02    5.75113E-01   -6.19633E+00    4.60950E+01
 1.15000E-02    5.75113E-01   -6.19633E+00    4.60950E+01
 1.25000E-02    5.75113E-01   -6.19633E+00    4.60950E+01
 1.35000E-02    5.75113E-01   -6.19633E+00    4.60950E+01
 1.45000E-02    5.75113E-01   -6.19633E+00    4.60950E+01
 1.55000E-02    5.75113E-01   -6.19633E+00    4.60950E+01
 1.65000E-02    5.75113E-01   -6.19633E+00    4.60950E+01
 1.75000E-02    5.75113E-01   -6.19633E+00    4.60950E+01
 1.85000E-02    5.75113E-01   -6.19633E+00    4.60950E+01
 1.95000E-02    5.75113E-01   -6.19633E+00    4.60950E+01
 2.05000E-02    5.75113E-01   -6.19633E+00    4.60950E+01
 2.15000E-02    5.75113E-01   -6.19633E+00    4.60950E+01
 2.25000E-02    5.75113E-01   -6.19633E+00    4.60950E+01
 2.35000E-02    5.75113E-01   -6.19633E+00    4.60950E+01
 2.45000E-02    5.75113E-01   -6.19633E+00    4.60950E+01
 2.55000E-02    5.75113E-01   -6.19633E+00    4.60950E+01
 2.65000E-02    5.75113E-01   -6.19633E+00    4.60950E+01
 2.75000E-02    5.75113E-01   -6.19633E+00    4.60950E+01
 2.85000E-02    5.75113E-01   -6.19633E+00    4.60950E+01
 2.95000E-02    5.75113E-01   -6.19633E+00    4.60950E+01
 3.05000E-02    5.75113E-01   -6.19633E+00    4.60950E+01
 3.15000E-02    5.75113E-01   -6.19633E+00    4.60950E+01
 3.25000E-02    5.75113E-01   -6.19633E+00    4.60950E+01
 3.35000E-02    5.75113E-01   -6.19633E+00    4.60950E+01
 3.45000E-02    5.75113E-01   -6.19633E+00    4.60950E+01
 3.55000E-02    5.75113E-01   -6.19633E+00    4.60950E+01
 3.65000E-02    5.75113E-01   -6.19633E+00    4.60950E+01
 3.75000E-02    5.75113E-01   -6.19633E+00    4.60950E+01
 3.85000E-02    5.75113E-01   -6.19633E+00    4.60950E+01
 3.95000E-02    5.75113E-01   -6.19633E+00    4.60950E+01
 4.05000E-02    5.75113E-01   -6.19633E+00    4.60950E+01
 4.15000E-02    5.75113E-01   -6.19633E+00    4.60950E+01
 4.25000E-02    5.75113E-01   -6.19633E+00    4.60950E+01
 4.35000E-02    5.75113E-01   -6.19633E+00    4.60950E+01
 4.45000E-02    5.75113E-01   -6.19633E+00    4.60950E+01
 4.55000E-02    5.75113E-01   -6.19633E+00    4.60950E+01
 4.65000E-02    5.75113E-01   -6.19633E+00    4.60950E+01
 4.75000E-02    5.75113E-01   -6.19633E+00    4.60950E+01
 4.85000E-02    5.75113E-01   -6.19633E+00    4.60950E+01
 4.95000E-02    5.75113E-01   -6.19633E+00    4.60950E+01
 5.05000E-02    5.75113E-01   -6.19633E+00    4.60950E+01
 5.15000E-02    5.75113E-01   -6.19633E+00    4.60950E+01
 5.25000E-02    5.75113E-01   -6.19633E+00    4.60950E+01
 5.35000E-02    5.75113E-01   -6.19633E+00    4.60950E+01
 5.45000E-02    5.75113E-01   -6.19633E+00    4.60950E+01
 5.55000E-02    5.75113E-01   -6.19633E+00    4.60950E+01
 5.65000E-02    5.75113E-01   -6.19633E+00    4.60950E+01
 5.75000E-02    5.75113E-01   -6.19633E+00    4.60950E+01
 5.85000E-02    5.75113E-01   -6.19633E+00    4.60950E+01
 5.95000E-02    5.75113E-01   -6.19633E+00    4.60950E+01
 6.05000E-02    5.75113E-01   -6.19633E+00    4.60950E+01
 6.15000E-02    5.75113E-01   -6.19633E+00    4.60950E+01
 6.25000E-02    5.75113E-01   -6.19633E+00    4.60950E+01
 6.35000E-02    5.75113E-01   -6.19633E+00    4.60950E+01
 6.45000E-02    5.75113E-01   -6.19633E+00    4.60950E+01
 6.55000E-02    5.75113E-01   -6.19633E+00    4.60950E+01
 6.65000E-02    5.75113E-01   -6.19633E+00    4.60950E+01
 6.75000E-02    5.75113E-01   -6.19633E+00    4.60950E+01
 6.85000E-02    5.75113E-01   -6.19633E+00    4.60950E+01
 6.95000E-02    5.75113E-01   -6.19633E+00    4.60950E+01
 7.05000E-02    5.75113E-01   -6.19633E+00    4.60950E+01
 7.15000E-02    5.75113E-01   -6.19633E+00    4.60950E+01
 7.25000E-02    5.75113E-01   -6.19633E+00    4.60950E+01
 7.35000E-02    5.75113E-01   -6.19633E+00    4.60950E+01
 7.45000E-02    5.75113E-01   -6.19633E+00    4.60950E+01
 7.55000E-02    5.75113E-01   -6.19633E+00    4.60950E+01
 7.65000E-02    5.75113E-01   -6.19633E+00    4.60950E+01
 7.75000E-02    5.75113E-01   -6.19633E+00    4.60950E+01
 7.85000E-02    5.75113E-01   -6.19633E+00    4.60950E+01
 7.95000E-02    5.75113E-01   -6.19633E+00    4.60950E+01
 8.05000E-02    5.75113E-01   -6.19633E+00    4.60950E+01
 8.15000E-02    5.75113E-01   -6.19633E+00    4.60950E+01
 8.25000E-02    5.75113E-01   -6.19633E+00    4.60950E+01
 8.35000E-02    5.75113E-01   -6.19633E+00    4.60950E+01
 8.45000E-02    5.75113E-01   -6.19633E+00    4.60950E+01
 8.55000E-02    5.75113E-01   -6.19633E+00    4.60950E+01
 8.65000E-02    5.75113E-01   -6.19633E+00    4.60950E+01
 8.75000E-02    5.75113E-01   -6.19633E+00    4.60950E+01
 8.85000E-02    5.75113E-01   -6.19633E+00    4.60950E+01
 8.95000E-02    5.75113E-01   -6.19633E+00    4.60950E+01
 9.05000E-02    5.75113E-01   -6.19633E+00    4.60950E+01
 9.15000E-02    5.75113E-01   -6.19633E+00    4.60950E+01
 9.25000E-02    5.75113E-01   -6.19633E+00    4.60950E+01
 9.35000E-02    5.75113E-01   -6.19633E+00    4.60950E+01
 9.45000E-02    5.75113E-01   -6.19633E+00    4.60950E+01
 9.55000E-02    5.75113E-01   -6.19633E+00    4.60950E+01
 9.65000E-02    5.75113E-01   -6.19633E+00    4.60950E+01
 9.75000E-02    5.75113E-01   -6.19633E+00    4.60950E+01
 9.85000E-02    5.75113E-01   -6.19633E+00    4.60950E+01
 9.95000E-02    5.75113E-01   -6.19633E+00    4.60950E+01
 1.00500E-01    5.75113E-01   -6.19633E+00    4.60950E+01
 1.01500E-01    5.75113E-01   -6.19633E+00    4.60950E+01
 1.02500E-01    5.75113E-01   -6.19633E+00    4.60950E+01
 1.03500E-01    5.75113E-01   -6.19633E+00    4.60950E+01
 1.04500E-01    5.75113E-01   -6.19633E+00    4.60950E+01
 1.05500E-01    5.75113E-01   -6.19633E+00    4.60950E+01
 1.06500E-01    5.75113E-01   -6.19633E+00    4.60950E+01
 1.07500E-01    5.75113E-01   -6.19633E+00    4.60950E+01
 1.08500E-01    5.75113E-01   -6.19633E+00    4.60950E+01
 1.09500E-01    5.75113E-01   -6.19633E+00    4.60950E+01
 1.10500E-01    5.75113E-01   -6.19633E+00    4.60950E+01
 1.11500E-01    5.75113E-01   -6.19633E+00    4.60950E+01
 1.12500E-01    5.75113E-01   -6.19633E+00    4.60950E+01
 1.13500E-01    5.75113E-01   -6.19633E+00    4.60950E+01
 1.14500E-01    5.75113E-01   -6.19633E+00    4.60950E+01
 1.15500E-01    5.75113E-01   -6.19633E+00    4.60950E+01
 1.16500E-01    5.75113E-01   -6.19633E+00    4.60950E+01
 1.17500E-01    5.75113E-01   -6.19633E+00    4.60950E+01
 1.18500E-01    5.75113E-01   -6.19633E+00    4.60950E+01
 1.19500E-01    5.75113E-01   -6.19633E+00    4.60950E+01
 1.20500E-01    5.75113E-01   -6.19633E+00    4.60950E+01
 1.21500E-01    5.75113E-01   -6.19633E+00    4.60950E+01
 1.22500E-01    5.75113E-01   -6.19633E+00    4.60950E+01
 1.23500E-01    5.75113E-01   -6.19633E+00    4.60950E+01
 1.24500E-01    5.75113E-01   -6.19633E+00    4.60950E+01
 1.25500E-01    5.75113E-01   -6.19633E+00    4.60950E+01
 1.26500E-01    5.75113E-01   -6.19633E+00    4.60950E+01
 1.27500E-01    5.75113E-01   -6.19633E+00    4.60950E+01
 1.28500E-01    5.75113E-01   -6.19633E+00    4.60950E+01
 1.29500E-01    5.75113E-01   -6.19633E+00    4.60950E+01
 1.30500E-01    5.75113E-01   -6.19633E+00    4.60950E+01
 1.31500E-01    5.75113E-01   -6.19633E+00    4.60950E+01
 1.32500E-01    5.75113E-01   -6.19633E+00    4.60950E+01
 1.33500E-01    5.75113E-01   -6.19633E+00    4.60950E+01
 1.34500E-01    5.75113E-01   -6.19633E+00    4.60950E+01
 1.35500E-01    5.75113E-01   -6.19633E+00    4.60950E+01
 1.36500E-01    5.75113E-01   -6.19633E+00    4.60950E+01
 1.37500E-01    5.75113E-01   -6.19633E+00    4.60950E+01
 1.38500E-01    5.75113E-01   -6.19633E+00    4.60950E+01
 1.39500E-01    5.75113E-01   -6.19633E+00    4.60950E+01
 1.40500E-01    5.75113E-01   -6.19633E+00    4.60950E+01
 1.41500E-01    5.75113E-01   -6.19633E+00    4.60950E+01
 1.42500E-01    5.75113E-01   -6.19633E+00    4.60950E+01
 1.43500E-01    5.75113E-01   -6.19633E+00    4.60950E+01
 1.44500E-01    5.75113E-01   -6.19633E+00    4.60950E+01
 1.45500E-01    5.75113E-01   -6.19633E+00    4.60950E+01
 1.46500E-01    5.75113E-01   -6.19633E+00    4.60950E+01
 1.47500E-01    5.75113E-01   -6.19633E+00    4.60950E+01
 1.48500E-01    5.75113E-01   -6.19633E+00    4.60950E+01
 1.49500E-01    5.75113E-01   -6.19633E+00    4.60950E+01
 1.50500E-01    5.75113E-01   -6.19633E+00    4.60950E+01
 1.51500E-01    5.75113E-01   -6.19633E+00    4.60950E+01
 1.52500E-01    5.75113E-01   -6.19633E+00    4.60950E+01
 1.53500E-01    5.75113E-01   -6.19633E+00    4.60950E+01
 1.54500E-01    5.75915E-01   -6.18156E+00    4.61851E+01
 1.55500E-01    5.77210E-01   -6.15775E+00    4.63306E+01
 1.56500E-01    5.78508E-01   -6.13394E+00    4.64765E+01
 1.57500E-01    5.79808E-01   -6.11013E+00    4.66227E+01
 1.58500E-01    5.81110E-01   -6.08632E+00    4.67694E+01
 1.59500E-01    5.82415E-01   -6.06251E+00    4.69165E+01
 1.60500E-01    5.83722E-01   -6.03870E+00    4.70639E+01
 1.61500E-01    5.85031E-01   -6.01489E+00    4.72118E+01
 1.62500E-01    5.86343E-01   -5.99109E+00    4.73600E+01
 1.63500E-01    5.87657E-01   -5.96728E+00    4.75087E+01
 1.64500E-01    5.88973E-01   -5.94347E+00    4.76577E+01
 1.65500E-01    5.90292E-01   -5.91966E+00    4.78072E+01
 1.66500E-01    5.91613E-01   -5.89585E+00    4.79571E+01
 1.67500E-01    5.92936E-01   -5.87204E+00    4.81073E+01
 1.68500E-01    5.94262E-01   -5.84823E+00    4.82580E+01
 1.69500E-01    5.95590E-01   -5.82442E+00    4.84090E+01
 1.70500E-01    5.96921E-01   -5.80061E+00    4.85605E+01
 1.71500E-01    5.98254E-01   -5.77680E+00    4.87124E+01
 1.72500E-01    5.99589E-01   -5.75299E+00    4.88647E+01
 1.73500E-01    6.00927E-01   -5.72918E+00    4.90174E+01
 1.74500E-01    6.02267E-01   -5.70537E+00    4.91705E+01
 1.75500E-01    6.03609E-01   -5.68156E+00    4.93240E+01
 1.76500E-01    6.04954E-01   -5.65775E+00    4.94779E+01
 1.77500E-01    6.06301E-01   -5.63394E+00    4.96322E+01
 1.78500E-01    6.07651E-01   -5.61013E+00    4.97870E+01
 1.79500E-01    6.09003E-01   -5.58632E+00    4.99422E+01
 1.80500E-01    6.10358E-01   -5.56251E+00    5.00977E+01
 1.81500E-01    6.11714E-01   -5.53870E+00    5.02537E+01
 1.82500E-01    6.13074E-01   -5.51489E+00    5.04101E+01
 1.83500E-01    6.14435E-01   -5.49109E+00    5.05669E+01
 1.84500E-01    6.15800E-01   -5.46728E+00    5.07242E+01
 1.85500E-01    6.17166E-01   -5.44347E+00    5.08818E+01
 1.86500E-01    6.18535E-01   -5.41966E+00    5.10399E+01
 1.87500E-01    6.19906E-01   -5.39585E+00    5.11984E+01
 1.88500E-01    6.21280E-01   -5.37204E+00    5.13573E+01
 1.89500E-01    6.22657E-01   -5.34823E+00    5.15167E+01
 1.90500E-01    6.24035E-01   -5.32442E+00    5.16765E+01
 1.91500E-01    6.25416E-01   -5.30061E+00    5.18367E+01
 1.92500E-01    6.26800E-01   -5.27680E+00    5.19973E+01
 1.93500E-01    6.28186E-01   -5.25299E+00    5.21583E+01
 1.94500E-01    6.29574E-01   -5.22918E+00    5.23198E+01
 1.95500E-01    6.30965E-01   -5.20537E+00    5.24817E+01
 1.96500E-01    6.32359E-01   -5.18156E+00    5.26440E+01
 1.97500E-01    6.33755E-01   -5.15775E+00    5.28068E+01
 1.98500E-01    6.35153E-01   -5.13394E+00    5.29700E+01
 1.99500E-01    6.36554E-01   -5.11013E+00    5.31336E+01
 2.00500E-01    6.37957E-01   -5.08632E+00    5.32976E+01
 2.01500E-01    6.39363E-01   -5.06251E+00    5.34621E+01
 2.02500E-01    6.40771E-01   -5.03870E+00    5.36271E+01
 2.03500E-01    6.42182E-01   -5.01489E+00    5.37924E+01
 2.04500E-01    6.43595E-01   -4.99109E+00    5.39582E+01
 2.05500E-01    6.45010E-01   -4.96728E+00    5.41244E+01
 2.06500E-01    6.46429E-01   -4.94347E+00    5.42911E+01
 2.07500E-01    6.47849E-01   -4.91966E+00    5.44582E+01
 2.08500E-01    6.49272E-01   -4.89585E+00    5.46258E+01
 2.09500E-01    6.50698E-01   -4.87204E+00    5.47938E+01
 2.10500E-01    6.52126E-01   -4.84823E+00    5.49622E+01
 2.11500E-01    6.53557E-01   -4.82442E+00    5.51311E+01
 2.12500E-01    6.54990E-01   -4.80061E+00    5.53004E+01
 2.13500E-01    6.56426E-01   -4.77680E+00    5.54702E+01
 2.14500E-01    6.57864E-01   -4.75299E+00    5.56404E+01
 2.15500E-01    6.59305E-01   -4.72918E+00    5.58111E+01
 2.16500E-01    6.60748E-01   -4.70537E+00    5.59822E+01
 2.17500E-01    6.62194E-01   -4.68156E+00    5.61538E+01
 2.18500E-01    6.63642E-01   -4.65775E+00    5.63258E+01
 2.19500E-01    6.65093E-01   -4.63394E+00    5.64983E+01
 2.20500E-01    6.66546E-01   -4.61013E+00    5.66712E+01
 2.21500E-01    6.68002E-01   -4.58632E+00    5.68445E+01
 2.22500E-01    6.69460E-01   -4.56251E+00    5.70184E+01
 2.23500E-01    6.70921E-01   -4.53870E+00    5.71927E+01
 2.24500E-01    6.72385E-01   -4.51489E+00    5.73674E+01
 2.25500E-01    6.73851E-01   -4.49109E+00    5.75426E+01
 2.26500E-01    6.75320E-01   -4.46728E+00    5.77182E+01
 2.27500E-01    6.76791E-01   -4.44347E+00    5.78944E+01
 2.28500E-01    6.78265E-01   -4.41966E+00    5.80709E+01
 2.29500E-01    6.79741E-01   -4.39585E+00    5.82480E+01
 2.30500E-01    6.81220E-01   -4.37204E+00    5.84255E+01
 2.31500E-01    6.82701E-01   -4.34823E+00    5.86034E+01
 2.32500E-01    6.84185E-01   -4.32442E+00    5.87818E+01
 2.33500E-01    6.85672E-01   -4.30061E+00    5.89607E+01
 2.34500E-01    6.87161E-01   -4.27680E+00    5.91401E+01
 2.35500E-01    6.88653E-01   -4.25299E+00    5.93199E+01
 2.36500E-01    6.90147E-01   -4.22918E+00    5.95002E+01
 2.37500E-01    6.91644E-01   -4.20537E+00    5.96810E+01
 2.38500E-01    6.93144E-01   -4.18156E+00    5.98622E+01
 2.39500E-01    6.94646E-01   -4.15775E+00    6.00439E+01
 2.40500E-01    6.96151E-01   -4.13394E+00    6.02261E+01
 2.41500E-01    6.97658E-01   -4.11013E+00    6.04087E+01
 2.42500E-01    6.99168E-01   -4.08632E+00    6.05919E+01
 2.43500E-01    7.00681E-01   -4.06251E+00    6.07755E+01
 2.44500E-01    7.02196E-01   -4.03870E+00    6.09596E+01
 2.45500E-01    7.03714E-01   -4.01489E+00    6.11441E+01
 2.46500E-01    7.05234E-01   -3.99109E+00    6.13291E+01
 2.47500E-01    7.06758E-01   -3.96728E+00    6.15147E+01
 2.48500E-01    7.08283E-01   -3.94347E+00    6.17007E+01
 2.49500E-01    7.09812E-01   -3.91966E+00    6.18871E+01
 2.50500E-01    7.11343E-01   -3.89585E+00    6.20741E+01
 2.51500E-01    7.12876E-01   -3.87204E+00    6.22615E+01
 2.52500E-01    7.14413E-01   -3.84823E+00    6.24495E+01
 2.53500E-01    7.15951E-01   -3.82442E+00    6.26379E+01
 2.54500E-01    7.17493E-01   -3.80061E+00    6.28268E+01
 2.55500E-01    7.19037E-01   -3.77680E+00    6.30162E+01
 2.56500E-01    7.20584E-01   -3.75299E+00    6.32060E+01
 2.57500E-01    7.22134E-01   -3.72918E+00    6.33964E+01
 2.58500E-01    7.23686E-01   -3.70537E+00    6.35873E+01
 2.59500E-01    7.25241E-01   -3.68156E+00    6.37786E+01
 2.60500E-01    7.26798E-01   -3.65775E+00    6.39705E+01
 2.61500E-01    7.28359E-01   -3.63394E+00    6.41628E+01
 2.62500E-01    7.29922E-01   -3.61013E+00    6.43556E+01
 2.63500E-01    7.31487E-01   -3.58632E+00    6.45490E+01
 2.64500E-01    7.33055E-01   -3.56251E+00    6.47428E+01
 2.65500E-01    7.34626E-01   -3.53870E+00    6.49371E+01
 2.66500E-01    7.36200E-01   -3.51489E+00    6.51320E+01
 2.67500E-01    7.37776E-01   -3.49109E+00    6.53273E+01
 2.68500E-01    7.39355E-01   -3.46728E+00    6.55231E+01
 2.69500E-01    7.40937E-01   -3.44347E+00    6.57195E+01
 2.70500E-01    7.42522E-01   -3.41966E+00    6.59163E+01
 2.71500E-01    7.44109E-01   -3.39585E+00    6.61136E+01
 2.72500E-01    7.45699E-01   -3.37204E+00    6.63115E+01
 2.73500E-01    7.47291E-01   -3.34823E+00    6.65099E+01
 2.74500E-01    7.48887E-01   -3.32442E+00    6.67087E+01
 2.75500E-01    7.50485E-01   -3.30061E+00    6.69081E+01
 2.76500E-01    7.52086E-01   -3.27680E+00    6.71080E+01
 2.77500E-01    7.53689E-01   -3.25299E+00    6.73084E+01
 2.78500E-01    7.55295E-01   -3.22918E+00    6.75093E+01
 2.79500E-01    7.56904E-01   -3.20537E+00    6.77107E+01
 2.80500E-01    7.58516E-01   -3.18156E+00    6.79126E+01
 2.81500E-01    7.60130E-01   -3.15775E+00    6.81151E+01
 2.82500E-01    7.61748E-01   -3.13394E+00    6.83181E+01
 2.83500E-01    7.63368E-01   -3.11013E+00    6.85216E+01
 2.84500E-01    7.64990E-01   -3.08632E+00    6.87256E+01
 2.85500E-01    7.66616E-01   -3.06251E+00    6.89301E+01
 2.86500E-01    7.68244E-01   -3.03870E+00    6.91351E+01
 2.87500E-01    7.69875E-01   -3.01489E+00    6.93407E+01
 2.88500E-01    7.71509E-01   -2.99109E+00    6.95468E+01
 2.89500E-01    7.73145E-01   -2.96728E+00    6.97534E+01
 2.90500E-01    7.74785E-01   -2.94347E+00    6.99606E+01
 2.91500E-01    7.76427E-01   -2.91966E+00    7.01683E+01
 2.92500E-01    7.78072E-01   -2.89585E+00    7.03765E+01
 2.93500E-01    7.79719E-01   -2.87204E+00    7.05852E+01
 2.94500E-01    7.81370E-01   -2.84823E+00    7.07945E+01
 2.95500E-01    7.83023E-01   -2.82442E+00    7.10043E+01
 2.96500E-01    7.84679E-01   -2.80061E+00    7.12146E+01
 2.97500E-01    7.86338E-01   -2.77680E+00    7.14254E+01
 2.98500E-01    7.88000E-01   -2.75299E+00    7.16368E+01
 2.99500E-01    7.89664E-01   -2.72918E+00    7.18488E+01
 3.00500E-01    7.91331E-01   -2.70537E+00    7.20612E+01
 3.01500E-01    7.93001E-01   -2.68156E+00    7.22742E+01
 3.02500E-01    7.94674E-01   -2.65775E+00    7.24878E+01
 3.03500E-01    7.96350E-01   -2.63394E+00    7.27019E+01
 3.04500E-01    7.98029E-01   -2.61013E+00    7.29165E+01
 3.05500E-01    7.99710E-01   -2.58632E+00    7.31317E+01
 3.06500E-01    8.01394E-01   -2.56251E+00    7.33474E+01
 3.07500E-01    8.03081E-01   -2.53870E+00    7.35637E+01
 3.08500E-01    8.04771E-01   -2.51489E+00    7.37805E+01
 3.09500E-01    8.06464E-01   -2.49109E+00    7.39978E+01
 3.10500E-01    8.08159E-01   -2.46728E+00    7.42157E+01
 3.11500E-01    8.09858E-01   -2.44347E+00    7.44342E+01
 3.12500E-01    8.11559E-01   -2.41966E+00    7.46532E+01
 3.13500E-01    8.13263E-01   -2.39585E+00    7.48727E+01
 3.14500E-01    8.14970E-01   -2.37204E+00    7.50928E+01
 3.15500E-01    8.16680E-01   -2.34823E+00    7.53135E+01
 3.16500E-01    8.18393E-01   -2.32442E+00    7.55347E+01
 3.17500E-01    8.20109E-01   -2.30061E+00    7.57565E+01
 3.18500E-01    8.21827E-01   -2.27680E+00    7.59788E+01
 3.19500E-01    8.23548E-01   -2.25299E+00    7.62017E+01
 3.20500E-01    8.25273E-01   -2.22918E+00    7.64252E+01
 3.21500E-01    8.27000E-01   -2.20537E+00    7.66492E+01
 3.22500E-01    8.28730E-01   -2.18156E+00    7.68738E+01
 3.23500E-01    8.30463E-01   -2.15775E+00    7.70989E+01
 3.24500E-01    8.32199E-01   -2.13394E+00    7.73246E+01
 3.25500E-01    8.33937E-01   -2.11013E+00    7.75509E+01
 3.26500E-01    8.35679E-01   -2.08632E+00    7.77777E+01
 3.27500E-01    8.37424E-01   -2.06251E+00    7.80051E+01
 3.28500E-01    8.39171E-01   -2.03870E+00    7.82331E+01
 3.29500E-01    8.40921E-01   -2.01489E+00    7.84617E+01
 3.30500E-01    8.42675E-01   -1.99109E+00    7.86908E+01
 3.31500E-01    8.44431E-01   -1.96728E+00    7.89205E+01
 3.32500E-01    8.46190E-01   -1.94347E+00    7.91508E+01
 3.33500E-01    8.47952E-01   -1.91966E+00    7.93816E+01
 3.34500E-01    8.49717E-01   -1.89585E+00    7.96130E+01
 3.35500E-01    8.51485E-01   -1.87204E+00    7.98450E+01
 3.36500E-01    8.53256E-01   -1.84823E+00    8.00776E+01
 3.37500E-01    8.55030E-01   -1.82442E+00    8.03108E+01
 3.38500E-01    8.56806E-01   -1.80061E+00    8.05445E+01
 3.39500E-01    8.58586E-01   -1.77680E+00    8.07788E+01
 3.40500E-01    8.60369E-01   -1.75299E+00    8.10137E+01
 3.41500E-01    8.62155E-01   -1.72918E+00    8.12492E+01
 3.42500E-01    8.63943E-01   -1.70537E+00    8.14853E+01
 3.43500E-01    8.65735E-01   -1.68156E+00    8.17220E+01
 3.44500E-01    8.67529E-01   -1.65775E+00    8.19592E+01
 3.45500E-01    8.69327E-01   -1.63394E+00    8.21971E+01
 3.46500E-01    8.71127E-01   -1.61013E+00    8.24355E+01
 3.47500E-01    8.72931E-01   -1.58632E+00    8.26745E+01
 3.48500E-01    8.74737E-01   -1.56251E+00    8.29142E+01
 3.49500E-01    8.76547E-01   -1.53870E+00    8.31544E+01
 3.50500E-01    8.78359E-01   -1.51489E+00    8.33952E+01
 3.51500E-01    8.80175E-01   -1.49109E+00    8.36366E+01
 3.52500E-01    8.81993E-01   -1.46728E+00    8.38786E+01
 3.53500E-01    8.83814E-01   -1.44347E+00    8.41212E+01
 3.54500E-01    8.85639E-01   -1.41966E+00    8.43644E+01
 3.55500E-01    8.87466E-01   -1.39585E+00    8.46082E+01
 3.56500E-01    8.89297E-01   -1.37204E+00    8.48527E+01
 3.57500E-01    8.91130E-01   -1.34823E+00    8.50977E+01
 3.58500E-01    8.92967E-01   -1.32442E+00    8.53433E+01
 3.59500E-01    8.94806E-01   -1.30061E+00    8.55896E+01
 3.60500E-01    8.96649E-01   -1.27680E+00    8.58364E+01
 3.61500E-01    8.98495E-01   -1.25299E+00    8.60839E+01
 3.62500E-01    9.00343E-01   -1.22918E+00    8.63319E+01
 3.63500E-01    9.02195E-01   -1.20537E+00    8.65806E+01
 3.64500E-01    9.04050E-01   -1.18156E+00    8.68299E+01
 3.65500E-01    9.05908E-01   -1.15775E+00    8.70798E+01
 3.66500E-01    9.07768E-01   -1.13394E+00    8.73303E+01
 3.67500E-01    9.09632E-01   -1.11013E+00    8.75815E+01
 3.68500E-01    9.11499E-01   -1.08632E+00    8.78332E+01
 3.69500E-01    9.13369E-01   -1.06251E+00    8.80856E+01
 3.70500E-01    9.15242E-01   -1.03870E+00    8.83386E+01
 3.71500E-01    9.17119E-01   -1.01489E+00    8.85922E+01
 3.72500E-01    9.18998E-01   -9.91085E-01    8.88465E+01
 3.73500E-01    9.20880E-01   -9.67276E-01    8.91014E+01
 3.74500E-01    9.22766E-01   -9.43466E-01    8.93569E+01
 3.75500E-01    9.24654E-01   -9.19657E-01    8.96130E+01
 3.76500E-01    9.26546E-01   -8.95847E-01    8.98697E+01
 3.77500E-01    9.28440E-01   -8.72038E-01    9.01271E+01
 3.78500E-01    9.30338E-01   -8.48228E-01    9.03852E+01
 3.79500E-01    9.32239E-01   -8.24419E-01    9.06438E+01
 3.80500E-01    9.34143E-01   -8.00609E-01    9.09031E+01
 3.81500E-01    9.36050E-01   -7.76800E-01    9.11630E+01
 3.82500E-01    9.37960E-01   -7.52990E-01    9.14236E+01
 3.83500E-01    9.39874E-01   -7.29181E-01    9.16848E+01
 3.84500E-01    9.41790E-01   -7.05371E-01    9.19466E+01
 3.85500E-01    9.43710E-01   -6.81562E-01    9.22091E+01
 3.86500E-01    9.45632E-01   -6.57752E-01    9.24722E+01
 3.87500E-01    9.47558E-01   -6.33942E-01    9.27360E+01
 3.88500E-01    9.49487E-01   -6.10133E-01    9.30004E+01
 3.89500E-01    9.51419E-01   -5.86323E-01    9.32654E+01
 3.90500E-01    9.53354E-01   -5.62514E-01    9.35311E+01
 3.91500E-01    9.55293E-01   -5.38704E-01    9.37975E+01
 3.92500E-01    9.57234E-01   -5.14895E-01    9.40645E+01
 3.93500E-01    9.59179E-01   -4.91085E-01    9.43321E+01
 3.94500E-01    9.61127E-01   -4.67276E-01    9.46004E+01
 3.95500E-01    9.63078E-01   -4.43466E-01    9.48694E+01
 3.96500E-01    9.65032E-01   -4.19657E-01    9.51390E+01
 3.97500E-01    9.66990E-01   -3.95847E-01    9.54092E+01
 3.98500E-01    9.68950E-01   -3.72038E-01    9.56802E+01
 3.99500E-01    9.70914E-01   -3.48228E-01    9.59518E+01
 4.00500E-01    9.72881E-01   -3.24419E-01    9.62240E+01
 4.01500E-01    9.74851E-01   -3.00609E-01    9.64969E+01
 4.02500E-01    9.76824E-01   -2.76800E-01    9.67705E+01
 4.03500E-01    9.78801E-01   -2.52990E-01    9.70447E+01
 4.04500E-01    9.80780E-01   -2.29181E-01    9.73196E+01
 4.05500E-01    9.82763E-01   -2.05371E-01    9.75952E+01
 4.06500E-01    9.84749E-01   -1.81562E-01    9.78714E+01
 4.07500E-01    9.86738E-01   -1.57752E-01    9.81483E+01
 4.08500E-01    9.88731E-01   -1.33942E-01    9.84259E+01
 4.09500E-01    9.90727E-01   -1.10133E-01    9.87041E+01
 4.10500E-01    9.92726E-01   -8.63234E-02    9.89831E+01
 4.11500E-01    9.94728E-01   -6.25139E-02    9.92627E+01
 4.12500E-01    9.96733E-01   -3.87044E-02    9.95429E+01
 4.13500E-01    9.98742E-01   -1.48949E-02    9.98239E+01
 4.14500E-01    1.00000E+00    0.00000E+00    1.00000E+02
 4.15500E-01    1.00000E+00    0.00000E+00    1.00000E+02
 4.16500E-01    1.00000E+00    0.00000E+00    1.00000E+02
 4.17500E-01    1.00000E+00    0.00000E+00    1.00000E+02
 4.18500E-01    1.00000E+00    0.00000E+00    1.00000E+02
 4.19500E-01    1.00000E+00    0.00000E+00    1.00000E+02
 4.20500E-01    1.00000E+00    0.00000E+00    1.00000E+02
 4.21500E-01    1.00000E+00    0.00000E+00    1.00000E+02
 4.22500E-01    1.00000E+00    0.00000E+00    1.00000E+02
 4.23500E-01    1.00000E+00    0.00000E+00    1.00000E+02
 4.24500E-01    1.00000E+00    0.00000E+00    1.00000E+02
 4.25500E-01    1.00000E+00    0.00000E+00    1.00000E+02
 4.26500E-01    1.00000E+00    0.00000E+00    1.00000E+02
 4.27500E-01    1.00000E+00    0.00000E+00    1.00000E+02
 4.28500E-01    1.00000E+00    0.00000E+00    1.00000E+02
 4.29500E-01    1.00000E+00    0.00000E+00    1.00000E+02
 4.30500E-01    1.00000E+00    0.00000E+00    1.00000E+02
 4.31500E-01    1.00000E+00    0.00000E+00    1.00000E+02
 4.32500E-01    1.00000E+00    0.00000E+00    1.00000E+02
 4.33500E-01    1.00000E+00    0.00000E+00    1.00000E+02
 4.34500E-01    1.00000E+00    0.00000E+00    1.00000E+02
 4.35500E-01    1.00000E+00    0.00000E+00    1.00000E+02
 4.36500E-01    1.00000E+00    0.00000E+00    1.00000E+02
 4.37500E-01    1.00000E+00    0.00000E+00    1.00000E+02
 4.38500E-01    1.00000E+00    0.00000E+00    1.00000E+02
 4.39500E-01    1.00000E+00    0.00000E+00    1.00000E+02
 4.40500E-01    1.00000E+00    0.00000E+00    1.00000E+02
 4.41500E-01    1.00000E+00    0.00000E+00    1.00000E+02
 4.42500E-01    1.00000E+00    0.00000E+00    1.00000E+02
 4.43500E-01    1.00000E+00    0.00000E+00    1.00000E+02
 4.44500E-01    1.00000E+00    0.00000E+00    1.00000E+02
 4.45500E-01    1.00000E+00    0.00000E+00    1.00000E+02
 4.46500E-01    1.00000E+00    0.00000E+00    1.00000E+02
 4.47500E-01    1.00000E+00    0.00000E+00    1.00000E+02
 4.48500E-01    1.00000E+00    0.00000E+00    1.00000E+02
 4.49500E-01    1.00000E+00    0.00000E+00    1.00000E+02
 4.50500E-01    1.00000E+00    0.00000E+00    1.00000E+02
 4.51500E-01    1.00000E+00    0.00000E+00    1.00000E+02
 4.52500E-01    1.00000E+00    0.00000E+00    1.00000E+02
 4.53500E-01    1.00000E+00    0.00000E+00    1.00000E+02
 4.54500E-01    1.00000E+00    0.00000E+00    1.00000E+02
 4.55500E-01    1.00000E+00    0.00000E+00    1.00000E+02
 4.56500E-01    1.00000E+00    0.00000E+00    1.00000E+02
 4.57500E-01    1.00000E+00    0.00000E+00    1.00000E+02
 4.58500E-01    1.00000E+00    0.00000E+00    1.00000E+02
 4.59500E-01    1.00000E+00    0.00000E+00    1.00000E+02
 4.60500E-01    1.00000E+00    0.00000E+00    1.00000E+02
 4.61500E-01    1.00000E+00    0.00000E+00    1.00000E+02
 4.62500E-01    1.00000E+00    0.00000E+00    1.00000E+02
 4.63500E-01    1.00000E+00    0.00000E+00    1.00000E+02
 4.64500E-01    1.00000E+00    0.00000E+00    1.00000E+02
 4.65500E-01    1.00000E+00    0.00000E+00    1.00000E+02
 4.66500E-01    1.00000E+00    0.00000E+00    1.00000E+02
 4.67500E-01    1.00000E+00    0.00000E+00    1.00000E+02
 4.68500E-01    1.00000E+00    0.00000E+00    1.00000E+02
 4.69500E-01    1.00000E+00    0.00000E+00    1.00000E+02
 4.70500E-01    1.00000E+00    0.00000E+00    1.00000E+02
 4.71500E-01    1.00000E+00    0.00000E+00    1.00000E+02
 4.72500E-01    1.00000E+00    0.00000E+00    1.00000E+02
 4.73500E-01    1.00000E+00    0.00000E+00    1.00000E+02
 4.74500E-01    1.00000E+00    0.00000E+00    1.00000E+02
 4.75500E-01    1.00000E+00    0.00000E+00    1.00000E+02
 4.76500E-01    1.00000E+00    0.00000E+00    1.00000E+02
 4.77500E-01    1.00000E+00    0.00000E+00    1.00000E+02
 4.78500E-01    1.00000E+00    0.00000E+00    1.00000E+02
 4.79500E-01    1.00000E+00    0.00000E+00    1.00000E+02
 4.80500E-01    1.00000E+00    0.00000E+00    1.00000E+02
 4.81500E-01    1.00000E+00    0.00000E+00    1.00000E+02
 4.82500E-01    1.00000E+00    0.00000E+00    1.00000E+02
 4.83500E-01    1.00000E+00    0.00000E+00    1.00000E+02
 4.84500E-01    1.00000E+00    0.00000E+00    1.00000E+02
 4.85500E-01    1.00000E+00    0.00000E+00    1.00000E+02
 4.86500E-01    1.00000E+00    0.00000E+00    1.00000E+02
 4.87500E-01    1.00000E+00    0.00000E+00    1.00000E+02
 4.88500E-01    1.00000E+00    0.00000E+00    1.00000E+02
 4.89500E-01    1.00000E+00    0.00000E+00    1.00000E+02
 4.90500E-01    1.00000E+00    0.00000E+00    1.00000E+02
 4.91500E-01    1.00000E+00    0.00000E+00    1.00000E+02
 4.92500E-01    1.00000E+00    0.00000E+00    1.00000E+02
 4.93500E-01    1.00000E+00    0.00000E+00    1.00000E+02
 4.94500E-01    1.00000E+00    0.00000E+00    1.00000E+02
 4.95500E-01    1.00000E+00    0.00000E+00    1.00000E+02
 4.96500E-01    1.00000E+00    0.00000E+00    1.00000E+02
 4.97500E-01    1.00000E+00    0.00000E+00    1.00000E+02
 4.98500E-01    1.00000E+00    0.00000E+00    1.00000E+02
 4.99500E-01    1.00000E+00    0.00000E+00    1.00000E+02
